[38;2;60;53;48;48;2;6;4;3mﬂ[38;2;21;16;12;48;2;18;15;10mﬂ[38;2;25;21;16;48;2;25;21;16mﬂ[38;2;44;40;33;48;2;46;42;34mﬂ[38;2;65;60;53;48;2;67;62;52mﬂ[38;2;92;85;75;48;2;100;92;81mﬂ[38;2;126;118;114;48;2;130;121;110mﬂ[38;2;129;122;116;48;2;146;137;125mﬂ[38;2;98;91;84;48;2;139;131;120mﬂ[38;2;59;53;48;48;2;109;102;96mﬂ[38;2;28;23;19;48;2;107;99;100mﬂ[38;2;48;43;42;48;2;38;28;28mﬂ[38;2;5;2;2;48;2;4;0;0mﬂ[38;2;8;1;0;48;2;6;0;0mﬂ[38;2;20;4;2;48;2;19;4;2mﬂ[38;2;31;9;3;48;2;29;8;2mﬂ[38;2;38;12;4;48;2;37;13;4mﬂ[38;2;43;16;6;48;2;34;10;4mﬂ[38;2;49;18;6;48;2;44;19;8mﬂ[38;2;33;10;3;48;2;33;11;5mﬂ[38;2;36;12;3;48;2;23;7;2mﬂ[38;2;41;14;4;48;2;22;6;2mﬂ[38;2;39;13;4;48;2;27;8;3mﬂ[38;2;59;27;10;48;2;32;13;5mﬂ[38;2;52;21;7;48;2;25;8;3mﬂ[38;2;47;17;5;48;2;22;6;2mﬂ[38;2;57;24;9;48;2;23;7;2mﬂ[38;2;51;20;6;48;2;22;5;2mﬂ[38;2;61;28;11;48;2;24;6;3mﬂ[38;2;63;30;12;48;2;27;7;2mﬂ[38;2;63;30;13;48;2;29;8;3mﬂ[38;2;69;34;16;48;2;32;10;4mﬂ[38;2;69;35;17;48;2;35;12;6mﬂ[38;2;68;34;17;48;2;40;15;9mﬂ[38;2;67;34;18;48;2;69;36;22mﬂ[38;2;88;74;79;48;2;154;138;146mﬂ[38;2;189;195;227;48;2;209;214;242mﬂ[38;2;174;180;216;48;2;195;200;232mﬂ[38;2;170;176;212;48;2;182;187;223mﬂ[38;2;168;174;211;48;2;174;180;217mﬂ[38;2;169;173;208;48;2;176;181;216mﬂ[38;2;114;82;75;48;2;153;139;153mﬂ[38;2;109;62;38;48;2;125;78;53mﬂ[38;2;121;73;42;48;2;142;93;62mﬂ[38;2;135;85;54;48;2;151;101;70mﬂ[38;2;136;101;82;48;2;132;104;90mﬂ[38;2;80;73;68;48;2;73;66;63mﬂ[38;2;102;100;95;48;2;92;91;84mﬂ[38;2;130;129;122;48;2;169;164;151mﬂ[38;2;148;147;140;48;2;201;197;185mﬂ[38;2;143;142;142;48;2;193;189;179mﬂ[38;2;133;133;140;48;2;192;189;185mﬂ[38;2;126;126;134;48;2;190;188;185mﬂ[38;2;121;122;132;48;2;171;168;164mﬂ[38;2;154;151;153;48;2;206;200;187mﬂ[38;2;154;151;146;48;2;188;183;168mﬂ[38;2;180;172;156;48;2;197;188;172mﬂ[38;2;208;195;170;48;2;195;185;162mﬂ[38;2;204;191;167;48;2;198;186;160mﬂ[38;2;193;181;164;48;2;202;189;169mﬂ[38;2;200;187;174;48;2;201;189;176mﬂ[38;2;168;157;151;48;2;83;73;68mﬂ[38;2;25;16;14;48;2;7;4;5mﬂ[38;2;3;2;2;48;2;5;3;4mﬂ[38;2;8;6;6;48;2;11;7;6mﬂ[38;2;7;5;4;48;2;18;9;7mﬂ[38;2;9;5;5;48;2;24;12;11mﬂ[38;2;26;21;24;48;2;40;23;24mﬂ[38;2;30;23;26;48;2;43;24;21mﬂ[38;2;32;24;25;48;2;103;87;96mﬂ[0m[K
[38;2;21;18;14;48;2;11;10;8mﬂ[38;2;11;9;6;48;2;64;60;50mﬂ[38;2;14;11;8;48;2;21;21;18mﬂ[38;2;35;31;25;48;2;1;1;1mﬂ[38;2;87;81;68;48;2;48;43;37mﬂ[38;2;101;94;79;48;2;108;101;88mﬂ[38;2;134;124;109;48;2;153;148;138mﬂ[38;2;160;148;134;48;2;150;145;143mﬂ[38;2;168;160;152;48;2;121;112;118mﬂ[38;2;174;162;168;48;2;171;153;171mﬂ[38;2;103;76;68;48;2;143;114;112mﬂ[38;2;38;23;20;48;2;65;45;37mﬂ[38;2;14;7;6;48;2;20;10;7mﬂ[38;2;2;0;1;48;2;3;0;0mﬂ[38;2;2;0;0mﬂ[38;2;2;0;1;48;2;4;0;0mﬂ[38;2;2;0;0;48;2;5;0;0mﬂ[38;2;3;0;1;48;2;8;1;0mﬂ[38;2;5;0;0;48;2;11;2;1mﬂ[38;2;6;0;0;48;2;14;4;1mﬂ[48;2;19;6;3mﬂ[38;2;8;1;0;48;2;21;7;3mﬂ[38;2;10;1;1;48;2;23;7;3mﬂ[38;2;12;2;1;48;2;24;8;3mﬂ[38;2;14;3;1;48;2;26;9;3mﬂ[38;2;18;4;1;48;2;29;9;4mﬂ[38;2;21;5;2;48;2;33;11;5mﬂ[38;2;25;7;2;48;2;36;12;6mﬂ[38;2;29;9;4;48;2;38;12;7mﬂ[38;2;33;11;5mﬂ[38;2;36;12;7;48;2;41;13;9mﬂ[38;2;37;13;8;48;2;52;22;11mﬂ[38;2;48;20;12;48;2;82;42;23mﬂ[38;2;81;42;26;48;2;93;47;27mﬂ[38;2;102;55;37;48;2;96;50;31mﬂ[38;2;179;164;170;48;2;188;177;186mﬂ[38;2;218;221;244;48;2;232;234;248mﬂ[38;2;213;218;243;48;2;203;208;240mﬂ[38;2;197;202;235;48;2;192;197;231mﬂ[38;2;179;185;220;48;2;182;186;222mﬂ[38;2;169;174;211;48;2;173;177;214mﬂ[38;2;168;170;203;48;2;174;176;211mﬂ[38;2;108;74;61;48;2;141;122;129mﬂ[38;2;119;70;40;48;2;119;67;37mﬂ[38;2;136;86;55;48;2;143;90;60mﬂ[38;2;105;84;74;48;2;84;67;59mﬂ[38;2;69;64;55;48;2;64;58;49mﬂ[38;2;144;134;118;48;2;111;106;91mﬂ[38;2;183;173;161;48;2;113;109;95mﬂ[38;2;171;168;148;48;2;148;143;126mﬂ[38;2;181;181;161;48;2;141;140;118mﬂ[38;2;197;195;177;48;2;165;163;138mﬂ[38;2;216;211;195;48;2;200;190;162mﬂ[38;2;193;187;173;48;2;201;192;173mﬂ[38;2;197;191;178;48;2;194;186;174mﬂ[38;2;188;182;173;48;2;191;182;171mﬂ[38;2;181;176;161;48;2;202;192;176mﬂ[38;2;175;169;144;48;2;180;172;142mﬂ[38;2;190;181;156;48;2;196;184;152mﬂ[38;2;200;187;171;48;2;208;196;177mﬂ[38;2;171;159;148;48;2;91;78;69mﬂ[38;2;26;17;14;48;2;10;5;5mﬂ[38;2;6;4;4;48;2;5;4;2mﬂ[38;2;11;8;7;48;2;12;8;7mﬂ[38;2;14;8;6;48;2;16;9;7mﬂ[38;2;13;5;3;48;2;35;24;29mﬂ[38;2;18;6;5;48;2;52;40;49mﬂ[38;2;23;9;8;48;2;40;21;20mﬂ[38;2;42;21;15;48;2;78;49;32mﬂ[38;2;36;20;19;48;2;61;33;17mﬂ[0m[K
[38;2;1;1;1;48;2;66;52;43mﬂ[38;2;6;6;5;48;2;69;51;39mﬂ[38;2;50;48;42;48;2;70;45;29mﬂ[38;2;34;32;29;48;2;56;29;13mﬂ[38;2;27;23;21;48;2;33;12;5mﬂ[38;2;116;111;109;48;2;32;20;15mﬂ[38;2;64;57;55;48;2;63;54;53mﬂ[38;2;45;38;38;48;2;57;50;50mﬂ[38;2;119;112;121;48;2;102;94;100mﬂ[38;2;164;153;175;48;2;147;136;154mﬂ[38;2;166;140;147;48;2;171;150;165mﬂ[38;2;97;67;52;48;2;132;97;77mﬂ[38;2;36;20;14;48;2;66;38;21mﬂ[38;2;9;2;1;48;2;20;9;4mﬂ[38;2;8;1;0;48;2;10;2;0mﬂ[38;2;11;2;1;48;2;18;5;2mﬂ[38;2;16;4;2;48;2;21;7;2mﬂ[38;2;21;6;3;48;2;28;7;3mﬂ[38;2;26;7;3;48;2;30;9;4mﬂ[38;2;27;8;3;48;2;32;11;5mﬂ[38;2;28;9;3;48;2;35;12;6mﬂ[38;2;29;10;4;48;2;37;12;7mﬂ[38;2;32;11;5;48;2;39;14;8mﬂ[38;2;34;11;5;48;2;39;15;8mﬂ[38;2;33;12;5;48;2;40;17;12mﬂ[38;2;35;11;5;48;2;76;64;65mﬂ[38;2;39;12;7;48;2;130;130;139mﬂ[38;2;40;14;10;48;2;174;186;200mﬂ[38;2;54;33;33;48;2;192;207;222mﬂ[38;2;88;74;76;48;2;211;218;225mﬂ[38;2;119;110;111;48;2;203;209;215mﬂ[38;2;150;142;140;48;2;195;199;205mﬂ[38;2;174;168;167;48;2;191;194;199mﬂ[38;2;181;177;177;48;2;186;189;193mﬂ[38;2;182;177;178;48;2;186;189;192mﬂ[38;2;211;211;220;48;2;187;188;191mﬂ[38;2;232;235;241;48;2;190;191;195mﬂ[38;2;213;216;235;48;2;196;196;199mﬂ[38;2;202;206;228;48;2;204;205;207mﬂ[38;2;189;194;220;48;2;213;215;216mﬂ[38;2;177;182;212;48;2;222;224;226mﬂ[38;2;167;170;204;48;2;222;224;228mﬂ[38;2;163;161;189;48;2;207;209;221mﬂ[38;2;115;71;49;48;2;160;146;145mﬂ[38;2;126;78;51;48;2;95;69;57mﬂ[38;2;64;51;43;48;2;46;35;27mﬂ[38;2;69;63;52;48;2;79;71;58mﬂ[38;2;122;116;104;48;2;85;82;66mﬂ[38;2;103;100;88;48;2;108;105;90mﬂ[38;2;142;138;123;48;2;133;128;111mﬂ[38;2;149;144;129;48;2;168;158;144mﬂ[38;2;144;141;113;48;2;188;175;163mﬂ[38;2;193;181;150;48;2;184;170;153mﬂ[38;2;202;191;175;48;2;191;179;165mﬂ[38;2;203;195;179;48;2;199;187;173mﬂ[38;2;205;195;180;48;2;200;189;175mﬂ[38;2;201;190;172;48;2;203;191;177mﬂ[38;2;191;182;161;48;2;215;203;185mﬂ[38;2;196;184;165;48;2;214;200;185mﬂ[38;2;182;166;145;48;2;166;122;88mﬂ[38;2;54;29;15;48;2;139;80;36mﬂ[38;2;13;6;3;48;2;115;68;30mﬂ[38;2;7;3;3;48;2;40;21;9mﬂ[38;2;11;7;5;48;2;10;4;2mﬂ[38;2;16;8;7;48;2;24;14;15mﬂ[38;2;37;26;29;48;2;31;18;20mﬂ[38;2;29;15;14;48;2;91;53;28mﬂ[38;2;108;68;42;48;2;181;117;60mﬂ[38;2;133;85;46;48;2;178;113;56mﬂ[38;2;123;74;37;48;2;171;107;51mﬂ[0m[K
[38;2;67;30;6;48;2;62;26;5mﬂ[38;2;58;24;4;48;2;62;27;5mﬂ[38;2;50;19;4;48;2;56;24;5mﬂ[38;2;50;19;6;48;2;50;20;5mﬂ[38;2;41;16;5;48;2;47;21;8mﬂ[38;2;45;32;22;48;2;43;27;16mﬂ[38;2;89;80;77;48;2;65;56;48mﬂ[38;2;70;63;63;48;2;62;55;53mﬂ[38;2;58;52;53;48;2;37;30;28mﬂ[38;2;113;103;111;48;2;62;54;55mﬂ[38;2;158;140;153;48;2;116;100;107mﬂ[38;2;157;120;107;48;2;151;117;106mﬂ[38;2;106;64;36;48;2;130;82;50mﬂ[38;2;49;24;11;48;2;87;48;23mﬂ[38;2;13;4;2;48;2;28;10;4mﬂ[38;2;17;3;1;48;2;63;39;23mﬂ[38;2;23;8;2;48;2;46;22;11mﬂ[38;2;29;9;4;48;2;37;12;5mﬂ[38;2;35;12;6;48;2;42;14;7mﬂ[38;2;38;12;8;48;2;44;17;8mﬂ[38;2;41;13;9;48;2;54;29;22mﬂ[38;2;43;16;10;48;2;126;122;129mﬂ[38;2;58;37;34;48;2;205;214;226mﬂ[38;2;124;119;125;48;2;210;217;227mﬂ[38;2;189;196;206;48;2;195;200;209mﬂ[38;2;206;216;226;48;2;180;185;195mﬂ[38;2;197;205;215;48;2;161;169;184mﬂ[38;2;186;193;203;48;2;115;128;155mﬂ[38;2;177;182;191;48;2;82;99;135mﬂ[38;2;168;172;180;48;2;53;73;115mﬂ[38;2;153;160;171;48;2;97;113;143mﬂ[38;2;133;141;154;48;2;109;121;141mﬂ[38;2;121;129;144;48;2;160;163;156mﬂ[38;2;111;119;135;48;2;191;190;173mﬂ[38;2;116;123;140;48;2;113;119;131mﬂ[38;2;128;134;148;48;2;93;107;136mﬂ[38;2;124;130;144;48;2;104;115;137mﬂ[38;2;115;120;133;48;2;85;95;121mﬂ[38;2;137;139;147;48;2;79;89;112mﬂ[38;2;155;156;158;48;2;102;108;124mﬂ[38;2;168;168;167;48;2;105;111;126mﬂ[38;2;180;179;178;48;2;87;94;110mﬂ[38;2;195;195;192;48;2;117;120;126mﬂ[38;2;212;213;210;48;2;155;154;151mﬂ[38;2;219;220;219;48;2;173;172;167mﬂ[38;2;184;183;185;48;2;197;197;193mﬂ[38;2;119;119;116;48;2;222;223;223mﬂ[38;2;89;89;72;48;2;214;214;218mﬂ[38;2;114;109;90;48;2;165;159;152mﬂ[38;2;145;137;109;48;2;145;132;102mﬂ[48;2;155;141;112mﬂ[38;2;158;146;124;48;2;161;148;124mﬂ[38;2;188;177;163;48;2;175;164;149mﬂ[38;2;195;183;172;48;2;201;189;180mﬂ[38;2;188;178;164;48;2;190;180;168mﬂ[38;2;183;174;156;48;2;186;176;164mﬂ[38;2;206;194;179;48;2;201;189;178mﬂ[38;2;220;208;189;48;2;202;188;176mﬂ[38;2;207;182;159;48;2;200;147;99mﬂ[38;2;168;101;48;48;2;208;136;64mﬂ[38;2;177;106;48;48;2;219;150;73mﬂ[38;2;181;112;51;48;2;221;152;74mﬂ[38;2;177;110;49;48;2;219;152;74mﬂ[38;2;162;101;46;48;2;216;147;69mﬂ[38;2;149;91;40;48;2;217;145;69mﬂ[38;2;164;103;47;48;2;214;141;64mﬂ[38;2;193;124;58;48;2;212;139;64mﬂ[38;2;197;128;62;48;2;208;138;65mﬂ[38;2;201;133;67;48;2;214;163;105mﬂ[38;2;202;136;73;48;2;230;209;179mﬂ[0m[K
[38;2;77;40;13;48;2;116;79;44mﬂ[38;2;76;38;10;48;2;97;53;19mﬂ[38;2;70;35;11;48;2;98;55;20mﬂ[38;2;61;29;9;48;2;88;46;15mﬂ[38;2;58;27;9;48;2;78;39;13mﬂ[38;2;48;25;10;48;2;71;39;15mﬂ[38;2;44;31;20;48;2;39;22;11mﬂ[38;2;41;33;28;48;2;35;24;16mﬂ[38;2;31;23;20;48;2;26;17;14mﬂ[38;2;35;27;24;48;2;25;17;14mﬂ[38;2;63;49;48;48;2;40;28;24mﬂ[38;2;118;90;85;48;2;83;60;57mﬂ[38;2;128;85;59;48;2;121;82;60mﬂ[38;2;118;69;38;48;2;123;75;42mﬂ[38;2;70;34;14;48;2;103;57;27mﬂ[38;2;37;16;7;48;2;74;40;17mﬂ[38;2;128;87;50;48;2;173;127;75mﬂ[38;2;112;61;27;48;2;147;82;38mﬂ[38;2;115;64;28;48;2;174;154;145mﬂ[38;2;131;103;87;48;2;211;221;231mﬂ[38;2;192;199;209;48;2;204;211;218mﬂ[38;2;213;221;230;48;2;187;192;199mﬂ[38;2;196;201;209;48;2;144;156;176mﬂ[38;2;182;188;198;48;2;127;144;173mﬂ[38;2;135;148;172;48;2;115;136;174mﬂ[38;2;94;115;153;48;2;99;117;158mﬂ[38;2;69;94;143;48;2;146;150;154mﬂ[38;2;72;94;136;48;2;228;209;164mﬂ[38;2;58;76;120;48;2;193;181;155mﬂ[38;2;169;164;148;48;2;219;192;126mﬂ[38;2;164;157;129;48;2;219;194;128mﬂ[38;2;205;200;161;48;2;223;208;151mﬂ[38;2;212;200;144;48;2;242;228;181mﬂ[38;2;234;215;162;48;2;232;211;152mﬂ[38;2;227;214;175;48;2;235;206;131mﬂ[38;2;44;57;83;48;2;218;188;116mﬂ[38;2;135;128;116;48;2;238;205;124mﬂ[38;2;184;169;140;48;2;237;209;142mﬂ[38;2;54;66;95;48;2;105;96;78mﬂ[38;2;73;85;110;48;2;91;86;80mﬂ[38;2;45;53;80;48;2;126;123;118mﬂ[38;2;75;80;100;48;2;95;95;100mﬂ[38;2;92;99;115;48;2;109;116;127mﬂ[38;2;36;45;69;48;2;84;92;110mﬂ[38;2;76;80;92;48;2;46;56;81mﬂ[38;2;138;136;134;48;2;43;53;73mﬂ[38;2;168;164;157;48;2;70;77;88mﬂ[38;2;190;190;186;48;2;136;134;130mﬂ[38;2;221;223;224;48;2;168;166;158mﬂ[38;2;209;209;208;48;2;202;202;200mﬂ[38;2;177;164;147;48;2;223;225;228mﬂ[38;2;167;149;128;48;2;205;195;190mﬂ[38;2;199;184;174;48;2;185;160;150mﬂ[38;2;192;179;169;48;2;173;148;139mﬂ[38;2;192;180;170;48;2;182;155;138mﬂ[38;2;188;175;165;48;2;192;162;133mﬂ[38;2;179;165;154;48;2;208;163;117mﬂ[38;2;198;161;129;48;2;229;166;96mﬂ[38;2;211;141;69;48;2;222;154;78mﬂ[38;2;206;131;58;48;2;220;150;74mﬂ[38;2;213;145;71;48;2;219;152;80mﬂ[38;2;217;151;77;48;2;220;154;82mﬂ[38;2;218;152;78;48;2;218;152;79mﬂ[38;2;214;147;72;48;2;216;148;71mﬂ[38;2;211;138;61;48;2;216;157;91mﬂ[38;2;208;134;60;48;2;229;203;167mﬂ[38;2;213;158;98;48;2;237;226;202mﬂ[38;2;227;204;168;48;2;231;217;192mﬂ[38;2;235;224;201;48;2;214;185;151mﬂ[38;2;228;213;188;48;2;196;140;87mﬂ[0m[K
[38;2;134;100;65;48;2;92;66;34mﬂ[38;2;116;70;27;48;2;113;71;29mﬂ[38;2;123;71;28;48;2;136;82;35mﬂ[38;2;108;59;22;48;2;124;70;29mﬂ[38;2;92;47;16;48;2;100;52;19mﬂ[38;2;88;47;17;48;2;92;48;18mﬂ[38;2;61;34;15;48;2;87;50;21mﬂ[38;2;37;24;14;48;2;46;26;13mﬂ[38;2;32;22;14;48;2;36;24;14mﬂ[38;2;24;16;12;48;2;27;17;11mﬂ[38;2;31;20;14;48;2;27;16;11mﬂ[38;2;55;36;29;48;2;43;25;17mﬂ[38;2;103;68;49;48;2;87;58;43mﬂ[38;2;122;77;45;48;2;122;78;49mﬂ[38;2;118;72;38;48;2;117;71;38mﬂ[38;2;107;63;28;48;2;113;70;37mﬂ[38;2;167;124;76;48;2;183;183;183mﬂ[38;2;192;182;178;48;2;220;228;233mﬂ[38;2;217;226;236;48;2;207;200;177mﬂ[38;2;204;203;195;48;2;222;201;148mﬂ[38;2;192;188;174;48;2;228;208;160mﬂ[38;2;112;125;148;48;2;224;208;159mﬂ[38;2;90;110;148;48;2;187;176;142mﬂ[38;2;100;118;152;48;2;229;215;173mﬂ[38;2;86;105;148;48;2;223;202;146mﬂ[38;2;97;101;114;48;2;219;184;102mﬂ[38;2;219;194;133;48;2;187;157;88mﬂ[38;2;212;178;104;48;2;166;135;74mﬂ[38;2;238;221;179;48;2;178;149;93mﬂ[38;2;202;181;136;48;2;220;194;134mﬂ[38;2;181;157;105;48;2;231;210;157mﬂ[38;2;241;227;187;48;2;242;224;175mﬂ[38;2;245;234;197;48;2;223;192;119mﬂ[38;2;224;189;110;48;2;126;95;41mﬂ[38;2;234;189;92;48;2;216;163;70mﬂ[38;2;240;204;120;48;2;223;174;87mﬂ[38;2;241;209;128;48;2;237;201;129mﬂ[38;2;239;206;130;48;2;229;180;100mﬂ[38;2;168;128;79;48;2;231;184;107mﬂ[38;2;122;78;39;48;2;176;134;82mﬂ[38;2;134;106;79;48;2;158;128;98mﬂ[38;2;171;150;126;48;2;107;61;33mﬂ[38;2;143;126;105;48;2;86;39;12mﬂ[38;2;132;130;125;48;2;109;72;40mﬂ[38;2;57;66;84;48;2;145;130;102mﬂ[38;2;62;71;93;48;2;132;130;103mﬂ[38;2;54;65;87;48;2;161;164;154mﬂ[38;2;74;83;98;48;2;101;113;129mﬂ[38;2;109;112;111;48;2;76;87;99mﬂ[38;2;151;149;138;48;2;81;88;94mﬂ[38;2;181;181;175;48;2;139;138;127mﬂ[38;2;216;218;220;48;2;169;167;159mﬂ[38;2;208;193;185;48;2;206;209;210mﬂ[38;2;213;158;101;48;2;223;208;196mﬂ[38;2;224;166;97;48;2;230;169;104mﬂ[38;2;235;177;105;48;2;231;167;97mﬂ[38;2;235;175;103;48;2;226;160;90mﬂ[38;2;227;162;88;48;2;221;154;82mﬂ[38;2;223;156;83;48;2;219;153;80mﬂ[38;2;222;155;80;48;2;218;151;78mﬂ[38;2;219;152;77;48;2;217;155;87mﬂ[38;2;217;150;76;48;2;225;189;145mﬂ[38;2;217;160;96;48;2;236;218;190mﬂ[38;2;228;196;154;48;2;232;213;186mﬂ[38;2;235;221;192;48;2;217;182;142mﬂ[38;2;230;215;188;48;2;206;147;86mﬂ[38;2;212;180;144;48;2;204;137;62mﬂ[38;2;199;144;87;48;2;204;139;65mﬂ[38;2;196;131;59;48;2;202;139;68mﬂ[38;2;198;131;60;48;2;213;167;114mﬂ[0m[K
[38;2;47;28;7;48;2;28;13;1mﬂ[38;2;78;48;17;48;2;57;35;11mﬂ[38;2;122;74;32;48;2;97;59;24mﬂ[38;2;134;79;34;48;2;138;82;37mﬂ[38;2;115;63;25;48;2;134;76;33mﬂ[38;2;102;54;20;48;2;116;64;26mﬂ[38;2;103;57;24;48;2;108;59;23mﬂ[38;2;69;38;16;48;2;97;56;24mﬂ[38;2;39;23;12;48;2;61;36;15mﬂ[38;2;35;22;13;48;2;52;37;22mﬂ[38;2;32;19;11;48;2;48;35;21mﬂ[38;2;43;27;17;48;2;53;34;24mﬂ[38;2;80;52;40;48;2;80;54;42mﬂ[38;2;122;82;60;48;2;120;84;65mﬂ[38;2;115;72;41;48;2;140;123;117mﬂ[38;2;167;159;156;48;2;216;226;233mﬂ[38;2;223;229;233;48;2;208;202;177mﬂ[38;2;198;197;187;48;2;213;183;106mﬂ[38;2;209;182;117;48;2;214;175;88mﬂ[38;2;227;199;130;48;2;229;191;102mﬂ[38;2;228;201;131;48;2;234;210;151mﬂ[38;2;234;215;160;48;2;235;218;175mﬂ[38;2;232;216;169;48;2;234;216;172mﬂ[38;2;229;212;159;48;2;230;210;152mﬂ[38;2;230;205;137;48;2;228;195;117mﬂ[38;2;157;136;75;48;2;194;145;65mﬂ[38;2;57;50;13;48;2;70;65;17mﬂ[38;2;132;106;54;48;2;120;99;43mﬂ[38;2;157;121;56;48;2;201;163;85mﬂ[38;2;218;180;103;48;2;220;180;104mﬂ[38;2;228;190;107;48;2;229;188;107mﬂ[38;2;226;182;94;48;2;226;183;101mﬂ[38;2;179;132;60;48;2;207;160;81mﬂ[38;2;116;87;39;48;2;219;174;89mﬂ[38;2;227;180;91;48;2;239;209;137mﬂ[38;2;235;194;108;48;2;233;189;104mﬂ[38;2;244;219;157;48;2;241;204;122mﬂ[38;2;221;173;102;48;2;236;187;106mﬂ[38;2;236;198;126;48;2;241;206;131mﬂ[38;2;214;169;104;48;2;211;158;90mﬂ[38;2;157;125;85;48;2;180;149;109mﬂ[38;2;88;44;19;48;2;106;67;37mﬂ[38;2;116;75;42;48;2;164;135;81mﬂ[38;2;188;154;101;48;2;205;180;120mﬂ[38;2;211;195;164;48;2;192;166;103mﬂ[38;2;180;168;112;48;2;196;186;124mﬂ[38;2;144;126;68;48;2;207;203;159mﬂ[38;2;160;160;146;48;2;150;143;100mﬂ[38;2;75;86;92;48;2;132;131;95mﬂ[38;2;90;98;103;48;2;98;105;101mﬂ[38;2;60;69;79;48;2;35;45;61mﬂ[38;2;128;129;121;48;2;46;55;67mﬂ[38;2;164;163;154;48;2;113;114;107mﬂ[38;2;203;206;209;48;2;164;164;156mﬂ[38;2;215;198;185;48;2;207;210;214mﬂ[38;2;225;164;97;48;2;219;190;162mﬂ[38;2;223;156;86;48;2;222;158;87mﬂ[38;2;218;150;77;48;2;225;179;126mﬂ[38;2;219;156;84;48;2;231;209;178mﬂ[38;2;226;186;138;48;2;225;205;176mﬂ[38;2;230;209;177;48;2;217;180;139mﬂ[38;2;225;205;174;48;2;213;152;90mﬂ[38;2;217;179;138;48;2;213;142;68mﬂ[38;2;210;150;88;48;2;215;147;74mﬂ[38;2;211;141;66;48;2;220;169;110mﬂ[38;2;213;144;68;48;2;228;202;166mﬂ[38;2;214;156;88;48;2;222;209;187mﬂ[38;2;221;186;139;48;2;196;180;159mﬂ[38;2;229;213;187;48;2;180;155;130mﬂ[38;2;210;199;180;48;2;190;149;107mﬂ[0m[K
[38;2;6;2;1;48;2;26;16;5mﬂ[38;2;32;19;4;48;2;15;8;2mﬂ[38;2;72;45;17;48;2;44;29;10mﬂ[38;2;119;72;30;48;2;83;50;21mﬂ[38;2;138;83;38;48;2;116;73;33mﬂ[38;2;124;72;29;48;2;108;67;28mﬂ[38;2;110;61;24;48;2;93;55;22mﬂ[38;2;101;59;25;48;2;80;47;18mﬂ[38;2;82;52;26;48;2;71;43;20mﬂ[38;2;62;45;29;48;2;82;59;38mﬂ[38;2;62;46;33;48;2;99;81;58mﬂ[38;2;68;48;35;48;2;93;74;49mﬂ[38;2;73;53;40;48;2;93;75;53mﬂ[38;2;96;76;69;48;2;142;146;152mﬂ[38;2;200;211;222;48;2;217;226;234mﬂ[38;2;208;213;213;48;2;188;188;179mﬂ[38;2;202;180;126;48;2;166;140;89mﬂ[38;2;226;202;141;48;2;214;182;103mﬂ[38;2;227;192;105;48;2;232;198;114mﬂ[38;2;236;205;130;48;2;234;203;125mﬂ[38;2;231;208;155;48;2;227;199;131mﬂ[38;2;235;218;177;48;2;230;209;152mﬂ[38;2;233;216;170;48;2;233;212;153mﬂ[38;2;230;200;131;48;2;216;180;98mﬂ[38;2;220;141;65;48;2;198;152;65mﬂ[38;2;197;129;48;48;2;150;100;35mﬂ[38;2;121;90;29;48;2;130;80;26mﬂ[38;2;141;113;50;48;2;189;139;56mﬂ[38;2;219;176;91;48;2;203;156;74mﬂ[38;2;189;127;53;48;2;183;126;55mﬂ[38;2;162;109;59;48;2;165;109;46mﬂ[38;2;236;205;135;48;2;198;144;66mﬂ[38;2;242;218;155;48;2;229;190;112mﬂ[38;2;229;186;99;48;2;217;156;63mﬂ[38;2;243;211;129;48;2;228;171;70mﬂ[38;2;243;209;131;48;2;224;170;71mﬂ[38;2;242;210;136;48;2;234;190;102mﬂ[38;2;243;210;136;48;2;240;203;128mﬂ[38;2;240;202;125;48;2;239;201;124mﬂ[38;2;236;201;134;48;2;241;205;134mﬂ[38;2;208;163;93;48;2;240;204;135mﬂ[38;2;206;183;145;48;2;240;219;178mﬂ[38;2;155;139;88;48;2;190;173;125mﬂ[38;2;188;166;106;48;2;200;189;126mﬂ[38;2;221;203;144;48;2;192;176;111mﬂ[38;2;193;181;116;48;2;202;191;134mﬂ[38;2;221;218;186;48;2;198;188;147mﬂ[38;2;208;196;155;48;2;211;207;170mﬂ[38;2;218;217;170;48;2;187;186;111mﬂ[38;2;163;158;123;48;2;165;172;97mﬂ[38;2;52;61;68;48;2;132;153;84mﬂ[38;2;68;77;87;48;2;84;96;83mﬂ[38;2;59;64;71;48;2;42;50;60mﬂ[38;2;124;125;112;48;2;133;129;116mﬂ[38;2;173;173;164;48;2;220;204;173mﬂ[38;2;225;219;208;48;2;224;205;174mﬂ[38;2;233;211;177;48;2;204;186;163mﬂ[38;2;229;208;176;48;2;220;161;97mﬂ[38;2;219;182;139;48;2;223;156;81mﬂ[38;2;219;160;98;48;2;227;174;111mﬂ[38;2;222;154;80;48;2;234;204;163mﬂ[38;2;222;160;91;48;2;228;214;190mﬂ[38;2;227;186;136;48;2;203;187;166mﬂ[38;2;230;210;179;48;2;185;156;128mﬂ[38;2;206;191;167;48;2;197;150;103mﬂ[38;2;184;166;146;48;2;212;153;88mﬂ[38;2;185;150;114;48;2;216;152;83mﬂ[38;2;200;151;96;48;2;214;151;82mﬂ[38;2;212;151;82;48;2;212;152;82mﬂ[38;2;212;151;81;48;2;212;150;81mﬂ[0m[K
[38;2;67;45;22;48;2;104;76;43mﬂ[38;2;19;9;1;48;2;31;15;1mﬂ[38;2;31;19;7;48;2;13;6;2mﬂ[38;2;39;22;8;48;2;20;10;4mﬂ[38;2;92;59;26;48;2;53;33;13mﬂ[38;2;96;61;25;48;2;112;77;33mﬂ[38;2;80;48;17;48;2;113;78;33mﬂ[38;2;75;45;17;48;2;108;75;31mﬂ[38;2;86;57;28;48;2;114;80;38mﬂ[38;2;137;108;78;48;2;127;95;52mﬂ[38;2;127;99;67;48;2;135;105;63mﬂ[38;2;127;101;69;48;2;150;123;87mﬂ[38;2;124;104;79;48;2;143;136;129mﬂ[38;2;205;217;230;48;2;221;233;242mﬂ[38;2;214;221;228;48;2;205;211;216mﬂ[38;2;165;166;159;48;2;104;110;126mﬂ[38;2;39;39;38;48;2;149;136;105mﬂ[38;2;111;94;55;48;2;213;181;108mﬂ[38;2;231;196;109;48;2;222;175;81mﬂ[38;2;239;206;120;48;2;211;166;74mﬂ[38;2;238;211;139;48;2;232;195;109mﬂ[38;2;226;199;127;48;2;240;209;130mﬂ[38;2;225;197;125;48;2;234;203;134mﬂ[38;2;223;200;145;48;2;229;189;116mﬂ[38;2;213;184;119;48;2;234;198;122mﬂ[38;2;216;181;103;48;2;224;191;120mﬂ[38;2;187;146;75;48;2;214;170;84mﬂ[38;2;233;195;113;48;2;213;174;99mﬂ[38;2;238;208;140;48;2;236;204;135mﬂ[38;2;240;214;156;48;2;236;207;141mﬂ[38;2;210;176;120;48;2;234;206;142mﬂ[38;2;198;150;79;48;2;210;161;82mﬂ[38;2;228;189;106;48;2;223;180;93mﬂ[38;2;211;154;68;48;2;221;182;103mﬂ[38;2;213;159;81;48;2;223;186;112mﬂ[38;2;205;164;92;48;2;232;195;123mﬂ[38;2;227;190;120;48;2;237;199;125mﬂ[38;2;228;177;95;48;2;230;178;97mﬂ[38;2;240;196;112;48;2;232;176;102mﬂ[38;2;241;205;128;48;2;243;206;136mﬂ[38;2;243;219;159;48;2;243;216;157mﬂ[38;2;239;201;131;48;2;240;210;153mﬂ[38;2;219;198;156;48;2;223;197;148mﬂ[38;2;197;170;89;48;2;202;171;100mﬂ[38;2;213;200;121;48;2;234;218;181mﬂ[38;2;180;161;77;48;2;190;169;131mﬂ[38;2;183;169;114;48;2;130;93;55mﬂ[38;2;183;183;126;48;2;214;191;151mﬂ[38;2;148;135;78;48;2;228;224;200mﬂ[38;2;104;119;39;48;2;196;192;148mﬂ[38;2;129;154;55;48;2;212;195;156mﬂ[38;2;132;139;95;48;2;219;199;166mﬂ[38;2;203;189;164;48;2;173;157;127mﬂ[38;2;216;196;160;48;2;64;64;64mﬂ[38;2;144;130;103;48;2;84;81;71mﬂ[38;2;136;129;110;48;2;194;185;161mﬂ[38;2;220;220;217;48;2;226;212;186mﬂ[38;2;228;198;161;48;2;209;193;166mﬂ[38;2;233;208;172;48;2;198;169;135mﬂ[38;2;212;192;165;48;2;216;164;109mﬂ[38;2;188;163;135;48;2;227;164;97mﬂ[38;2;195;155;115;48;2;228;164;96mﬂ[38;2;214;158;100;48;2;225;166;100mﬂ[38;2;219;156;88;48;2;223;167;101mﬂ[38;2;219;154;85;48;2;222;164;98mﬂ[38;2;219;155;87;48;2;226;168;105mﬂ[38;2;216;156;87;48;2;227;169;105mﬂ[38;2;217;158;89;48;2;224;169;103mﬂ[38;2;216;158;89;48;2;227;171;107mﬂ[38;2;217;159;89;48;2;223;170;105mﬂ[0m[K
[38;2;90;63;31;48;2;118;94;65mﬂ[38;2;71;50;28;48;2;135;115;90mﬂ[38;2;23;14;3;48;2;88;66;41mﬂ[38;2;12;6;2;48;2;27;14;5mﬂ[38;2;60;42;22;48;2;43;24;10mﬂ[38;2;114;82;39;48;2;46;27;10mﬂ[38;2;127;90;40;48;2;49;30;12mﬂ[38;2;125;89;39;48;2;65;44;20mﬂ[38;2;125;90;41;48;2;91;65;33mﬂ[38;2;116;85;44;48;2;132;102;54mﬂ[38;2;90;70;45;48;2;189;144;77mﬂ[38;2;102;77;49;48;2;205;162;88mﬂ[38;2;179;179;174;48;2;215;219;216mﬂ[38;2;224;234;239;48;2;220;225;224mﬂ[38;2;206;197;170;48;2;160;148;117mﬂ[38;2;172;155;112;48;2;49;58;86mﬂ[38;2;211;180;107;48;2;136;118;84mﬂ[38;2;233;192;122;48;2;233;191;123mﬂ[38;2;237;189;122;48;2;229;167;97mﬂ[38;2;229;190;118;48;2;235;193;118mﬂ[38;2;226;179;90;48;2;233;194;113mﬂ[38;2;231;192;106;48;2;231;190;103mﬂ[38;2;236;207;139;48;2;227;185;94mﬂ[38;2;223;161;67;48;2;224;175;82mﬂ[38;2;233;180;88;48;2;232;176;75mﬂ[38;2;238;214;163;48;2;237;194;104mﬂ[38;2;234;212;166;48;2;220;184;113mﬂ[38;2;209;171;104;48;2;191;148;82mﬂ[38;2;212;167;86;48;2;220;184;112mﬂ[38;2;226;196;124;48;2;232;204;144mﬂ[38;2;230;203;143mﬂ[38;2;223;186;116;48;2;218;176;100mﬂ[38;2;219;173;90;48;2;228;182;95mﬂ[38;2;226;188;111;48;2;233;190;107mﬂ[38;2;221;178;97;48;2;239;199;122mﬂ[38;2;226;179;92;48;2;232;181;87mﬂ[38;2;221;162;73;48;2;229;174;79mﬂ[38;2;223;163;79;48;2;201;135;57mﬂ[38;2;233;172;89;48;2;227;168;83mﬂ[38;2;235;171;89;48;2;242;208;133mﬂ[38;2;243;212;152;48;2;240;208;142mﬂ[38;2;226;182;111;48;2;233;194;129mﬂ[38;2;226;180;112;48;2;227;172;101mﬂ[38;2;225;187;126;48;2;174;126;68mﬂ[38;2;205;176;125;48;2;205;163;92mﬂ[38;2;215;188;148;48;2;223;191;149mﬂ[38;2;205;176;140;48;2;218;178;123mﬂ[38;2;177;136;87;48;2;219;185;136mﬂ[38;2;231;209;172;48;2;185;155;114mﬂ[38;2;221;196;157;48;2;170;144;107mﬂ[38;2;170;141;102;48;2;195;169;133mﬂ[38;2;95;68;38;48;2;221;198;161mﬂ[38;2;151;134;102;48;2;209;186;151mﬂ[38;2;190;175;151;48;2;152;136;112mﬂ[38;2;215;198;167;48;2;91;84;80mﬂ[38;2;190;171;143;48;2;61;57;54mﬂ[38;2;160;148;127;48;2;158;155;144mﬂ[38;2;193;188;183;48;2;218;221;223mﬂ[38;2;230;177;119;48;2;225;190;154mﬂ[38;2;233;173;105;48;2;231;172;108mﬂ[38;2;232;173;107;48;2;231;171;108mﬂ[38;2;232;173;110;48;2;228;169;106mﬂ[38;2;228;170;107;48;2;227;171;109mﬂ[38;2;226;169;106;48;2;226;171;110mﬂ[38;2;224;167;103;48;2;225;170;108mﬂ[38;2;225;166;103;48;2;223;166;103mﬂ[38;2;224;166;103;48;2;221;164;99mﬂ[38;2;224;168;104;48;2;221;162;100mﬂ[38;2;223;169;105;48;2;219;165;102mﬂ[38;2;221;168;103mﬂ[0m[K
[38;2;123;95;61;48;2;154;129;97mﬂ[38;2;130;104;74;48;2;127;98;64mﬂ[38;2;77;49;21;48;2;166;129;83mﬂ[38;2;103;69;32;48;2;123;89;44mﬂ[38;2;191;139;73;48;2;188;138;69mﬂ[38;2;201;147;77;48;2;208;158;80mﬂ[38;2;198;145;75;48;2;218;170;95mﬂ[38;2;210;157;83;48;2;222;175;95mﬂ[38;2;214;162;85;48;2;218;171;90mﬂ[38;2;214;166;88;48;2;210;163;83mﬂ[38;2;208;160;83;48;2;199;152;74mﬂ[38;2;203;164;87;48;2;189;148;75mﬂ[38;2;219;225;228;48;2;219;227;232mﬂ[38;2;219;225;226;48;2;221;223;215mﬂ[38;2;127;131;138;48;2;190;178;145mﬂ[38;2;95;96;97;48;2;214;195;137mﬂ[38;2;190;160;99;48;2;232;204;130mﬂ[38;2;214;162;74;48;2;219;174;86mﬂ[38;2;228;176;83;48;2;212;153;58mﬂ[38;2;234;198;124;48;2;224;173;80mﬂ[38;2;238;205;133;48;2;217;167;83mﬂ[38;2;229;193;116;48;2;231;197;117mﬂ[38;2;236;211;153;48;2;235;202;132mﬂ[38;2;237;209;144;48;2;235;199;123mﬂ[38;2;231;190;101;48;2;238;211;149mﬂ[38;2;239;203;111;48;2;229;205;151mﬂ[38;2;237;204;124;48;2;234;212;161mﬂ[38;2;222;184;108;48;2;237;216;168mﬂ[38;2;232;202;137;48;2;235;206;144mﬂ[38;2;233;204;142;48;2;233;202;135mﬂ[38;2;233;206;146;48;2;236;209;143mﬂ[38;2;224;185;110;48;2;238;211;148mﬂ[38;2;207;149;63;48;2;223;168;96mﬂ[38;2;212;153;71;48;2;185;114;60mﬂ[38;2;239;191;99;48;2;234;181;85mﬂ[38;2;238;191;96;48;2;241;202;114mﬂ[38;2;233;188;103;48;2;238;195;109mﬂ[38;2;226;179;98;48;2;238;198;121mﬂ[38;2;238;196;113;48;2;235;190;112mﬂ[38;2;239;206;137;48;2;223;162;79mﬂ[38;2;229;169;81;48;2;199;107;44mﬂ[38;2;218;159;89;48;2;194;144;87mﬂ[38;2;222;181;124;48;2;146;91;39mﬂ[38;2;153;101;56;48;2;149;85;36mﬂ[38;2;166;97;40;48;2;163;88;35mﬂ[38;2;192;137;73;48;2;168;97;39mﬂ[38;2;183;138;89;48;2;198;138;64mﬂ[38;2;153;110;66;48;2;207;164;100mﬂ[38;2;204;178;140;48;2;185;158;123mﬂ[38;2;222;197;158;48;2;105;82;63mﬂ[38;2;197;171;136;48;2;94;65;42mﬂ[38;2;142;113;79;48;2;58;32;16mﬂ[38;2;91;60;34;48;2;61;34;18mﬂ[38;2;41;35;32;48;2;42;32;26mﬂ[38;2;64;62;65;48;2;65;65;71mﬂ[38;2;45;44;51;48;2;50;51;61mﬂ[38;2;153;148;137;48;2;143;137;127mﬂ[38;2;211;213;213;48;2;206;208;209mﬂ[38;2;222;198;177;48;2;223;210;198mﬂ[38;2;229;171;108;48;2;231;180;130mﬂ[38;2;227;169;106;48;2;228;179;128mﬂ[38;2;226;170;109;48;2;230;182;134mﬂ[38;2;226;170;107;48;2;232;183;137mﬂ[38;2;223;166;105;48;2;231;183;135mﬂ[38;2;222;166;104;48;2;229;180;131mﬂ[38;2;223;167;104;48;2;226;175;121mﬂ[38;2;222;167;102;48;2;226;174;118mﬂ[38;2;223;167;103;48;2;226;173;115mﬂ[38;2;221;167;103;48;2;227;173;115mﬂ[38;2;223;170;108;48;2;222;170;110mﬂ[0m[K
[38;2;181;158;128;48;2;165;138;102mﬂ[38;2;154;125;88;48;2;114;94;68mﬂ[38;2;124;93;52;48;2;79;55;27mﬂ[38;2;114;83;39;48;2;193;149;77mﬂ[38;2;228;185;105;48;2;207;162;91mﬂ[38;2;221;176;96;48;2;202;156;88mﬂ[38;2;208;161;85;48;2;200;154;88mﬂ[38;2;198;150;76;48;2;193;145;85mﬂ[38;2;196;149;75;48;2;166;119;68mﬂ[38;2;192;146;75;48;2;121;82;45mﬂ[38;2;183;137;70;48;2;85;56;33mﬂ[38;2;177;134;72;48;2;44;21;9mﬂ[38;2;212;220;227;48;2;181;188;196mﬂ[38;2;219;219;205;48;2;220;227;228mﬂ[38;2;172;140;79;48;2;113;110;97mﬂ[38;2;222;195;119;48;2;98;90;68mﬂ[38;2;229;205;140;48;2;202;176;115mﬂ[38;2;229;198;128;48;2;211;176;111mﬂ[38;2;216;172;88;48;2;152;120;64mﬂ[38;2;198;136;52;48;2;176;143;81mﬂ[38;2;168;96;37;48;2;188;143;75mﬂ[38;2;222;174;83;48;2;221;179;97mﬂ[38;2;228;184;97;48;2;212;158;72mﬂ[38;2;225;181;97;48;2;214;170;92mﬂ[38;2;224;192;121;48;2;228;198;131mﬂ[38;2;226;202;146;48;2;223;190;119mﬂ[38;2;233;210;156;48;2;230;199;128mﬂ[38;2;237;210;151;48;2;236;210;152mﬂ[38;2;239;210;145;48;2;231;192;115mﬂ[38;2;239;209;140;48;2;231;191;111mﬂ[38;2;239;211;140;48;2;230;191;111mﬂ[38;2;243;222;165;48;2;234;195;120mﬂ[38;2;235;200;139;48;2;234;194;126mﬂ[38;2;233;189;109;48;2;236;194;111mﬂ[38;2;244;212;128;48;2;241;208;129mﬂ[38;2;240;197;104;48;2;240;206;130mﬂ[38;2;234;179;85;48;2;237;202;129mﬂ[38;2;237;195;115;48;2;236;201;130mﬂ[38;2;238;208;150;48;2;228;178;106mﬂ[38;2;231;193;130;48;2;238;209;155mﬂ[38;2;226;182;114;48;2;226;190;126mﬂ[38;2;212;176;122;48;2;187;149;101mﬂ[38;2;213;184;145;48;2;201;169;127mﬂ[38;2;178;141;104;48;2;183;148;102mﬂ[38;2;205;171;135;48;2;173;135;92mﬂ[38;2;218;193;157;48;2;184;159;128mﬂ[38;2;217;194;160;48;2;97;72;54mﬂ[38;2;203;175;137;48;2;135;96;56mﬂ[38;2;205;175;131;48;2;181;138;83mﬂ[38;2;150;123;90;48;2;202;172;124mﬂ[38;2;116;79;44;48;2;194;162;115mﬂ[38;2;81;50;28;48;2;148;113;69mﬂ[38;2;89;57;34;48;2;54;27;14mﬂ[38;2;79;60;41;48;2;111;85;51mﬂ[38;2;62;63;70;48;2;62;62;67mﬂ[38;2;61;61;70;48;2;66;66;75mﬂ[38;2;131;126;118;48;2;132;127;120mﬂ[38;2;201;205;207;48;2;202;206;209mﬂ[38;2;219;211;207;48;2;216;209;206mﬂ[38;2;228;186;152;48;2;234;201;173mﬂ[38;2;229;188;153;48;2;232;200;172mﬂ[38;2;228;186;149;48;2;231;199;173mﬂ[38;2;231;194;160;48;2;229;197;171mﬂ[38;2;232;195;163;48;2;228;197;171mﬂ[38;2;230;190;156;48;2;227;193;164mﬂ[38;2;228;183;140;48;2;228;191;160mﬂ[38;2;227;180;134;48;2;228;189;155mﬂ[38;2;226;176;121;48;2;225;179;132mﬂ[38;2;225;173;116;48;2;224;173;118mﬂ[38;2;225;171;113;48;2;222;170;111mﬂ[0m[K
[38;2;45;29;14;48;2;100;62;32mﬂ[38;2;117;86;50;48;2;65;36;15mﬂ[38;2;195;151;92;48;2;41;18;6mﬂ[38;2;190;146;92;48;2;45;21;8mﬂ[38;2;145;103;64;48;2;82;45;17mﬂ[38;2;99;67;40;48;2;123;68;26mﬂ[38;2;57;33;17;48;2;169;98;37mﬂ[38;2;35;14;6;48;2;205;124;48mﬂ[38;2;48;23;9;48;2;221;135;53mﬂ[38;2;88;48;19;48;2;221;136;54mﬂ[38;2;135;76;29;48;2;220;135;54mﬂ[38;2;177;103;41;48;2;219;135;53mﬂ[38;2;203;186;173;48;2;200;159;122mﬂ[38;2;226;235;237;48;2;229;238;242mﬂ[38;2;145;146;144;48;2;188;191;190mﬂ[38;2;42;41;41;48;2;63;63;72mﬂ[38;2;87;75;48;48;2;155;141;106mﬂ[38;2;173;157;114;48;2;234;216;164mﬂ[38;2;169;150;104;48;2;235;218;166mﬂ[38;2;228;197;123;48;2;201;176;115mﬂ[38;2;222;183;102;48;2;108;89;57mﬂ[38;2;170;126;63;48;2;42;29;13mﬂ[38;2;101;56;20;48;2;70;43;18mﬂ[38;2;189;135;63;48;2;167;114;53mﬂ[38;2;221;186;119;48;2;211;167;98mﬂ[38;2;214;172;96;48;2;177;117;55mﬂ[38;2;221;176;93;48;2;196;134;61mﬂ[38;2;216;157;67;48;2;198;139;67mﬂ[38;2;217;157;69;48;2;165;91;35mﬂ[38;2;221;180;113;48;2;206;153;91mﬂ[38;2;221;174;95;48;2;194;137;69mﬂ[38;2;228;188;119;48;2;199;131;54mﬂ[38;2;229;185;111;48;2;215;164;93mﬂ[38;2;232;193;127;48;2;214;167;96mﬂ[38;2;226;180;106;48;2;198;144;77mﬂ[38;2;213;156;76;48;2;220;173;98mﬂ[38;2;215;162;86;48;2;211;164;99mﬂ[38;2;228;195;144;48;2;199;124;62mﬂ[38;2;207;150;81;48;2;154;88;42mﬂ[38;2;235;203;142;48;2;159;105;51mﬂ[38;2;220;185;130;48;2;200;157;99mﬂ[38;2;184;154;113;48;2;214;188;153mﬂ[38;2;206;179;140;48;2;226;202;165mﬂ[38;2;198;170;131;48;2;211;185;145mﬂ[38;2;214;189;151;48;2;189;162;124mﬂ[38;2;174;144;109;48;2;217;191;151mﬂ[38;2;127;95;66;48;2;192;171;143mﬂ[38;2;103;74;50;48;2;134;109;83mﬂ[38;2;191;163;128;48;2;136;105;74mﬂ[38;2;206;175;122;48;2;215;186;135mﬂ[38;2;203;171;115;48;2;196;159;100mﬂ[38;2;198;172;132;48;2;197;170;130mﬂ[38;2;68;41;25;48;2;111;83;54mﬂ[38;2;123;96;62;48;2;118;92;60mﬂ[38;2;67;67;70;48;2;74;72;75mﬂ[38;2;67;66;74;48;2;58;58;67mﬂ[38;2;141;137;130;48;2;156;153;150mﬂ[38;2;205;209;214;48;2;207;213;220mﬂ[38;2;212;204;202;48;2;214;203;202mﬂ[38;2;225;197;178;48;2;224;203;190mﬂ[38;2;225;198;180;48;2;228;210;200mﬂ[38;2;229;204;187;48;2;232;215;207mﬂ[38;2;228;202;184;48;2;232;214;204mﬂ[38;2;229;202;184;48;2;231;211;199mﬂ[38;2;228;198;174;48;2;230;205;188mﬂ[38;2;228;194;166;48;2;226;196;171mﬂ[38;2;224;187;153;48;2;221;183;149mﬂ[38;2;222;177;135;48;2;219;173;132mﬂ[38;2;219;169;115;48;2;219;169;117mﬂ[38;2;216;163;104;48;2;217;165;108mﬂ[0m[K
[38;2;125;73;29;48;2;229;151;70mﬂ[38;2;170;101;39;48;2;227;149;67mﬂ[38;2;207;125;49;48;2;228;149;65mﬂ[38;2;224;137;55;48;2;228;150;65mﬂ[48;2;226;148;66mﬂ[38;2;225;138;55;48;2;230;168;95mﬂ[38;2;226;142;57;48;2;228;157;77mﬂ[38;2;225;143;57;48;2;223;146;62mﬂ[38;2;221;136;53;48;2;219;136;55mﬂ[48;2;218;133;52mﬂ[38;2;220;137;54;48;2;219;137;56mﬂ[38;2;217;134;53;48;2;217;135;53mﬂ[38;2;201;133;69;48;2;215;134;54mﬂ[38;2;221;230;237;48;2;194;180;169mﬂ[38;2;216;222;222;48;2;223;234;237mﬂ[38;2;138;135;126;48;2;122;123;125mﬂ[38;2;234;216;163;48;2;168;152;113mﬂ[38;2;227;207;149;48;2;95;71;43mﬂ[38;2;154;133;91;48;2;46;19;10mﬂ[38;2;31;19;11;48;2;27;10;5mﬂ[38;2;11;3;1;48;2;21;10;6mﬂ[38;2;24;14;6;48;2;16;8;6mﬂ[38;2;56;34;18;48;2;27;18;15mﬂ[38;2;102;63;33;48;2;19;10;7mﬂ[38;2;146;103;53;48;2;102;61;31mﬂ[38;2;174;118;58;48;2;183;132;70mﬂ[38;2;185;124;60;48;2;175;122;60mﬂ[38;2;183;126;65;48;2;175;117;59mﬂ[38;2;167;102;44;48;2;173;113;59mﬂ[38;2;170;108;52;48;2;117;59;21mﬂ[38;2;202;159;102;48;2;169;115;56mﬂ[38;2;165;109;58;48;2;183;132;71mﬂ[38;2;171;113;58;48;2;188;134;75mﬂ[38;2;193;143;88;48;2;133;64;26mﬂ[38;2;201;151;87;48;2;187;120;64mﬂ[38;2;211;160;92;48;2;213;155;98mﬂ[38;2;166;106;52;48;2;156;100;49mﬂ[38;2;188;118;55;48;2;71;41;21mﬂ[38;2;132;87;52;48;2;134;107;83mﬂ[38;2;144;102;65;48;2;195;166;131mﬂ[38;2;227;199;160;48;2;210;189;162mﬂ[38;2;210;182;144;48;2;174;144;108mﬂ[38;2;193;159;118;48;2;176;142;101mﬂ[38;2;177;146;108;48;2;175;146;106mﬂ[38;2;147;114;81;48;2;216;186;141mﬂ[38;2;167;128;86;48;2;193;164;124mﬂ[38;2;193;157;108;48;2;198;162;113mﬂ[38;2;167;140;107;48;2;172;141;111mﬂ[38;2;195;166;127;48;2;204;173;132mﬂ[38;2;213;187;149;48;2;173;138;98mﬂ[38;2;189;149;89;48;2;186;155;105mﬂ[38;2;175;144;103;48;2;176;151;117mﬂ[38;2;165;137;102;48;2;111;94;86mﬂ[38;2;121;102;81;48;2;107;92;75mﬂ[38;2;144;130;111;48;2;170;157;135mﬂ[38;2;90;87;90;48;2;131;127;123mﬂ[38;2;177;177;178;48;2;200;205;210mﬂ[38;2;208;216;225;48;2;206;210;221mﬂ[38;2;223;207;202;48;2;239;224;218mﬂ[38;2;233;218;212;48;2;244;237;235mﬂ[38;2;234;222;218;48;2;250;248;247mﬂ[38;2;237;227;223;48;2;251;251;251mﬂ[38;2;245;238;234;48;2;252;251;251mﬂ[38;2;241;231;227;48;2;252;252;252mﬂ[38;2;232;214;205;48;2;241;231;227mﬂ[38;2;223;196;176;48;2;226;202;186mﬂ[38;2;216;176;144;48;2;219;184;157mﬂ[38;2;221;176;138;48;2;220;180;148mﬂ[38;2;219;170;122;48;2;219;174;135mﬂ[38;2;218;167;113;48;2;220;170;121mﬂ[0m[K
[38;2;227;149;66;48;2;224;150;71mﬂ[38;2;226;149;69;48;2;227;153;73mﬂ[38;2;227;152;70;48;2;226;152;71mﬂ[38;2;225;149;67;48;2;223;151;71mﬂ[38;2;225;153;74;48;2;221;148;70mﬂ[38;2;230;169;97;48;2;219;147;68mﬂ[38;2;221;147;69;48;2;215;139;60mﬂ[38;2;220;141;60;48;2;209;128;51mﬂ[38;2;214;132;53;48;2;210;126;48mﬂ[38;2;217;133;53;48;2;210;127;50mﬂ[38;2;214;129;50;48;2;214;131;52mﬂ[38;2;214;131;50;48;2;217;133;52mﬂ[38;2;213;131;50;48;2;212;131;51mﬂ[38;2;180;123;75;48;2;176;102;40mﬂ[38;2;213;227;237;48;2;167;152;143mﬂ[38;2;201;207;212;48;2;216;229;239mﬂ[38;2;76;76;86;48;2;148;154;166mﬂ[38;2;31;20;15;48;2;46;43;51mﬂ[38;2;45;20;10;48;2;53;29;16mﬂ[38;2;42;18;12;48;2;48;21;13mﬂ[38;2;39;22;18;48;2;35;16;12mﬂ[38;2;31;19;15;48;2;27;13;10mﬂ[38;2;14;8;7;48;2;20;9;8mﬂ[38;2;10;4;4;48;2;19;10;9mﬂ[38;2;37;12;5;48;2;11;5;4mﬂ[38;2;43;16;7;48;2;10;5;4mﬂ[38;2;33;12;7;48;2;8;4;4mﬂ[38;2;42;22;13;48;2;5;1;1mﬂ[38;2;83;51;31;48;2;26;6;3mﬂ[38;2;143;93;48;48;2;120;76;41mﬂ[38;2;153;103;52;48;2;130;81;42mﬂ[38;2;131;76;33;48;2;145;93;56mﬂ[38;2;136;76;36;48;2;136;79;38mﬂ[38;2;127;58;23;48;2;126;79;47mﬂ[38;2;156;94;48;48;2;94;65;45mﬂ[38;2;89;54;30;48;2;115;72;32mﬂ[38;2;87;58;39;48;2;168;131;91mﬂ[38;2;68;39;19;48;2;174;140;99mﬂ[38;2;169;136;100;48;2;188;155;115mﬂ[38;2;186;155;122;48;2;171;126;78mﬂ[38;2;224;206;181;48;2;231;213;188mﬂ[38;2;202;177;142;48;2;190;163;125mﬂ[38;2;188;159;120;48;2;225;202;166mﬂ[38;2;196;167;132;48;2;197;172;141mﬂ[38;2;111;75;43;48;2;139;101;60mﬂ[38;2;210;177;131;48;2;207;179;139mﬂ[38;2;209;182;143;48;2;207;180;141mﬂ[38;2;186;153;113;48;2;164;131;98mﬂ[38;2;195;161;116;48;2;145;104;61mﬂ[38;2;170;133;86;48;2;198;171;136mﬂ[38;2;190;165;125;48;2;198;174;142mﬂ[38;2;168;150;129;48;2;152;122;89mﬂ[38;2;144;126;110;48;2;136;111;84mﬂ[38;2;176;158;131;48;2;151;135;112mﬂ[38;2;110;103;97;48;2;117;115;113mﬂ[38;2;173;173;170;48;2;203;210;215mﬂ[38;2;208;217;226;48;2;208;213;226mﬂ[38;2;212;205;212;48;2;229;207;196mﬂ[38;2;239;229;227;48;2;240;228;224mﬂ[38;2;252;251;251;48;2;249;245;244mﬂ[38;2;252;252;252;48;2;248;246;246mﬂ[38;2;251;251;251;48;2;249;248;247mﬂ[38;2;249;248;247;48;2;244;241;238mﬂ[38;2;244;240;239;48;2;244;238;235mﬂ[38;2;234;221;217;48;2;237;226;224mﬂ[38;2;231;213;203;48;2;234;217;211mﬂ[38;2;225;199;182;48;2;228;206;194mﬂ[38;2;221;188;163;48;2;220;187;163mﬂ[38;2;217;174;138;48;2;221;182;149mﬂ[38;2;216;165;115;48;2;220;169;121mﬂ[0m[K
[38;2;224;151;73;48;2;215;139;59mﬂ[38;2;224;150;72;48;2;213;135;57mﬂ[38;2;220;143;63;48;2;213;136;57mﬂ[38;2;212;137;59;48;2;206;130;54mﬂ[38;2;208;132;55;48;2;200;124;50mﬂ[38;2;207;130;54;48;2;201;125;51mﬂ[38;2;201;122;47;48;2;200;121;48mﬂ[38;2;202;122;47;48;2;210;132;55mﬂ[38;2;207;125;48;48;2;213;137;60mﬂ[38;2;213;132;53;48;2;217;139;59mﬂ[38;2;213;131;51;48;2;217;137;58mﬂ[38;2;214;131;51;48;2;216;135;53mﬂ[38;2;209;128;51;48;2;211;129;50mﬂ[38;2;180;105;42;48;2;182;106;42mﬂ[38;2;126;73;35;48;2;130;71;27mﬂ[38;2;161;173;189;48;2;82;55;43mﬂ[38;2;208;220;230;48;2;182;194;209mﬂ[38;2;115;121;143;48;2;200;210;221mﬂ[38;2;91;76;63;48;2;99;105;126mﬂ[38;2;72;34;18;48;2;113;81;56mﬂ[38;2;59;24;16;48;2;84;38;22mﬂ[38;2;46;20;16;48;2;77;34;24mﬂ[38;2;44;18;13;48;2;83;38;26mﬂ[38;2;46;20;14;48;2;93;41;21mﬂ[38;2;25;9;8;48;2;53;18;11mﬂ[38;2;14;5;4;48;2;48;20;14mﬂ[38;2;12;9;8;48;2;41;24;21mﬂ[38;2;12;8;7;48;2;20;11;10mﬂ[38;2;40;16;8;48;2;11;7;6mﬂ[38;2;67;37;23;48;2;32;19;14mﬂ[38;2;52;28;16;48;2;107;65;34mﬂ[38;2;73;49;37;48;2;47;20;13mﬂ[38;2;59;35;23;48;2;64;33;22mﬂ[38;2;67;47;39;48;2;147;96;41mﬂ[38;2;136;98;55;48;2;106;66;33mﬂ[38;2;123;75;32;48;2;101;59;25mﬂ[38;2;174;131;79;48;2;180;137;87mﬂ[38;2;181;141;93;48;2;214;185;146mﬂ[38;2;171;139;100;48;2;129;89;49mﬂ[38;2;115;75;41;48;2;123;88;54mﬂ[38;2;203;167;121;48;2;203;173;133mﬂ[38;2;227;209;181;48;2;197;159;112mﬂ[38;2;211;186;148;48;2;202;172;134mﬂ[38;2;157;128;98;48;2;210;182;143mﬂ[38;2;201;173;135;48;2;199;171;133mﬂ[38;2;203;177;139;48;2;182;155;118mﬂ[38;2;215;190;152;48;2;190;165;136mﬂ[38;2;182;154;119;48;2;197;169;135mﬂ[38;2;156;113;71;48;2;147;111;75mﬂ[38;2;195;168;132;48;2;182;155;121mﬂ[38;2;154;125;91;48;2;131;105;83mﬂ[38;2;143;120;98;48;2;119;107;93mﬂ[38;2;64;54;49;48;2;62;59;64mﬂ[38;2;119;109;96;48;2;164;167;169mﬂ[38;2;192;197;198;48;2;207;217;228mﬂ[38;2;208;218;229;48;2;176;172;182mﬂ[38;2;201;176;162;48;2;200;170;154mﬂ[38;2;209;173;149;48;2;208;175;150mﬂ[38;2;221;199;187;48;2;212;186;169mﬂ[38;2;234;219;212;48;2;234;218;208mﬂ[38;2;233;222;218;48;2;244;237;234mﬂ[38;2;245;241;238;48;2;251;251;251mﬂ[38;2;247;245;242;48;2;250;249;250mﬂ[38;2;239;233;231;48;2;251;251;251mﬂ[38;2;242;236;235;48;2;251;250;251mﬂ[38;2;236;227;224;48;2;251;250;249mﬂ[38;2;229;210;200;48;2;238;223;217mﬂ[38;2;218;185;162;48;2;223;191;169mﬂ[38;2;219;179;145;48;2;216;174;139mﬂ[38;2;215;165;116;48;2;214;162;113mﬂ[0m[K
[38;2;220;146;68;48;2;214;139;62mﬂ[38;2;215;140;62;48;2;207;131;55mﬂ[48;2;202;126;50mﬂ[38;2;202;125;50;48;2;187;112;42mﬂ[38;2;195;117;45;48;2;195;119;47mﬂ[38;2;203;127;51;48;2;203;129;54mﬂ[38;2;205;128;52;48;2;209;135;59mﬂ[38;2;212;137;60;48;2;214;140;64mﬂ[38;2;219;146;68;48;2;212;137;62mﬂ[38;2;215;139;60;48;2;215;140;63mﬂ[38;2;215;137;59;48;2;219;145;67mﬂ[38;2;215;136;54;48;2;222;146;66mﬂ[38;2;216;134;55;48;2;215;136;57mﬂ[38;2;189;113;45;48;2;190;115;48mﬂ[38;2;137;76;29;48;2;150;85;35mﬂ[38;2;76;36;11;48;2;88;44;16mﬂ[38;2;81;61;57;48;2;65;29;9mﬂ[38;2;186;198;212;48;2;74;56;53mﬂ[38;2;200;209;221;48;2;176;189;203mﬂ[38;2;111;109;115;48;2;206;215;226mﬂ[38;2;109;71;42;48;2;133;127;123mﬂ[38;2;83;38;23;48;2;98;59;34mﬂ[38;2;138;83;40;48;2;68;27;19mﬂ[38;2;83;33;18;48;2;75;29;21mﬂ[38;2;72;30;20;48;2;94;39;22mﬂ[38;2;97;53;29;48;2;110;58;28mﬂ[38;2;43;15;9;48;2;156;104;52mﬂ[38;2;77;47;36;48;2;176;122;63mﬂ[38;2;39;25;20;48;2;174;110;50mﬂ[38;2;65;36;26;48;2;89;45;22mﬂ[38;2;116;84;56;48;2;53;27;20mﬂ[38;2;170;140;108;48;2;89;48;32mﬂ[38;2;164;121;73;48;2;173;143;108mﬂ[38;2;184;149;108;48;2;141;104;64mﬂ[38;2;196;164;124;48;2;215;181;129mﬂ[38;2;208;174;126;48;2;201;161;108mﬂ[38;2;198;161;114;48;2;176;134;86mﬂ[38;2;206;179;142;48;2;185;152;113mﬂ[38;2;173;145;110;48;2;192;164;128mﬂ[38;2;123;88;55;48;2;174;136;90mﬂ[38;2;191;161;123;48;2;192;163;125mﬂ[38;2;207;184;153;48;2;152;118;83mﬂ[38;2;194;168;132;48;2;158;123;85mﬂ[38;2;197;171;134;48;2;171;141;107mﬂ[38;2;213;194;166;48;2;199;174;140mﬂ[38;2;180;151;113;48;2;144;109;70mﬂ[38;2;195;169;133;48;2;199;174;141mﬂ[38;2;166;138;111;48;2;166;142;120mﬂ[38;2;154;118;79;48;2;179;155;128mﬂ[38;2;169;148;122;48;2;144;119;88mﬂ[38;2;136;112;88;48;2;127;119;105mﬂ[38;2;103;99;94;48;2;179;184;187mﬂ[38;2;160;163;165;48;2;207;218;228mﬂ[38;2;205;215;225;48;2;173;187;214mﬂ[38;2;182;195;219;48;2;209;216;234mﬂ[38;2;205;208;223;48;2;214;221;238mﬂ[38;2;201;162;131;48;2;213;202;201mﬂ[38;2;210;165;129;48;2;223;186;156mﬂ[38;2;229;200;180;48;2;224;193;170mﬂ[38;2;236;216;205;48;2;227;201;184mﬂ[38;2;246;240;235;48;2;238;222;214mﬂ[38;2;252;251;251;48;2;240;230;225mﬂ[38;2;250;248;248;48;2;242;232;229mﬂ[38;2;249;246;246;48;2;233;219;213mﬂ[38;2;248;245;243;48;2;231;213;204mﬂ[38;2;241;232;228;48;2;229;208;196mﬂ[38;2;230;208;196;48;2;228;201;184mﬂ[38;2;223;191;168;48;2;224;191;165mﬂ[38;2;217;175;138;48;2;223;183;149mﬂ[38;2;218;168;122;48;2;222;175;134mﬂ[0m[K
[38;2;212;139;63;48;2;209;136;59mﬂ[38;2;208;134;58;48;2;204;130;54mﬂ[38;2;205;129;52;48;2;200;124;51mﬂ[38;2;196;122;50;48;2;194;119;48mﬂ[38;2;199;125;53;48;2;198;123;52mﬂ[38;2;206;132;58;48;2;202;129;56mﬂ[38;2;209;136;62;48;2;205;133;59mﬂ[38;2;207;133;56;48;2;206;132;57mﬂ[38;2;210;136;59;48;2;206;132;56mﬂ[38;2;212;138;61;48;2;214;140;62mﬂ[38;2;220;147;69;48;2;215;139;61mﬂ[38;2;213;132;54;48;2;216;140;62mﬂ[38;2;216;134;54;48;2;215;137;58mﬂ[38;2;196;119;49;48;2;208;129;54mﬂ[38;2;158;91;37;48;2;177;107;45mﬂ[38;2;103;55;20;48;2;123;67;25mﬂ[38;2;68;31;10;48;2;71;33;10mﬂ[38;2;61;27;9;48;2;61;25;6mﬂ[38;2;60;36;31;48;2;57;23;5mﬂ[38;2;156;164;177;48;2;52;23;12mﬂ[38;2;208;221;231;48;2;107;106;117mﬂ[38;2;171;171;170;48;2;191;204;219mﬂ[38;2;118;85;65;48;2;199;209;218mﬂ[38;2;91;47;36;48;2;162;147;137mﬂ[38;2;98;58;48;48;2;109;72;58mﬂ[38;2;96;49;35;48;2;116;56;30mﬂ[38;2;76;40;34;48;2;94;51;38mﬂ[38;2;110;62;42;48;2;92;60;52mﬂ[38;2;173;105;46;48;2;91;46;32mﬂ[38;2;180;110;49;48;2;142;88;50mﬂ[38;2;157;96;50;48;2;166;109;52mﬂ[38;2;158;111;74;48;2;172;137;100mﬂ[38;2;152;116;80;48;2;170;142;110mﬂ[38;2;194;164;128;48;2;149;114;80mﬂ[38;2;116;82;57;48;2;71;40;25mﬂ[38;2;106;64;29;48;2;96;70;55mﬂ[38;2;181;152;122;48;2;176;145;113mﬂ[38;2;169;130;88;48;2;119;77;44mﬂ[38;2;189;166;140;48;2;167;142;120mﬂ[38;2;160;122;82;48;2;181;154;122mﬂ[38;2;213;189;151;48;2;180;144;98mﬂ[38;2;176;142;102;48;2;198;173;137mﬂ[38;2;157;118;77;48;2;190;160;122mﬂ[38;2;188;157;116;48;2;178;145;102mﬂ[38;2;189;162;126;48;2;181;142;89mﬂ[38;2;186;156;115;48;2;181;154;117mﬂ[38;2;191;167;131;48;2;174;150;118mﬂ[38;2;147;121;94;48;2;122;102;87mﬂ[38;2;121;93;70;48;2;177;175;171mﬂ[38;2;128;120;112;48;2;214;223;231mﬂ[38;2;199;206;211;48;2;184;199;223mﬂ[38;2;206;217;232;48;2;179;191;216mﬂ[38;2;172;188;214;48;2;212;219;237mﬂ[38;2;201;208;228;48;2;209;218;235mﬂ[38;2;210;218;235mﬂ[38;2;208;217;234;48;2;210;218;236mﬂ[38;2;209;214;230;48;2;212;219;236mﬂ[38;2;212;176;151;48;2;207;193;188mﬂ[38;2;217;178;145;48;2;214;171;135mﬂ[38;2;227;196;174;48;2;220;182;150mﬂ[38;2;228;202;186;48;2;226;194;169mﬂ[38;2;233;212;200;48;2;225;195;173mﬂ[38;2;230;208;196;48;2;231;205;187mﬂ[38;2;231;209;195;48;2;230;204;187mﬂ[38;2;230;205;190;48;2;230;203;186mﬂ[38;2;230;204;186;48;2;224;193;168mﬂ[38;2;227;196;174;48;2;222;183;152mﬂ[38;2;225;192;163;48;2;220;176;141mﬂ[38;2;225;185;152;48;2;223;176;138mﬂ[38;2;222;174;130;48;2;216;164;112mﬂ[0m[K
[38;2;206;133;57;48;2;208;137;62mﬂ[38;2;197;124;49;48;2;207;134;60mﬂ[38;2;203;129;54;48;2;205;132;59mﬂ[38;2;203;130;57;48;2;206;133;59mﬂ[38;2;205;132;59;48;2;203;132;60mﬂ[38;2;208;137;63;48;2;202;131;58mﬂ[38;2;214;145;70;48;2;207;137;63mﬂ[38;2;212;139;64;48;2;210;139;65mﬂ[38;2;213;141;65;48;2;201;125;52mﬂ[38;2;211;138;62;48;2;205;128;54mﬂ[38;2;210;135;58;48;2;207;131;55mﬂ[38;2;210;132;55;48;2;214;137;59mﬂ[38;2;215;137;60;48;2;219;157;89mﬂ[38;2;208;132;57;48;2;209;143;73mﬂ[38;2;188;116;52;48;2;200;127;60mﬂ[38;2;148;85;35;48;2;173;104;44mﬂ[38;2;92;46;15;48;2;124;69;27mﬂ[38;2;62;25;6;48;2;77;35;11mﬂ[38;2;60;24;6;48;2;54;18;4mﬂ[38;2;57;22;5;48;2;56;21;5mﬂ[38;2;56;22;6;48;2;59;22;6mﬂ[38;2;60;41;38;48;2;57;22;7mﬂ[38;2;121;128;144;48;2;51;20;8mﬂ[38;2;193;209;222;48;2;57;41;43mﬂ[38;2;203;212;219;48;2;110;117;133mﬂ[38;2;173;159;154;48;2;180;195;213mﬂ[38;2;158;110;87;48;2;214;225;235mﬂ[38;2;132;75;53;48;2;205;205;209mﬂ[38;2;94;50;38;48;2;163;144;140mﬂ[38;2;89;62;57;48;2;130;105;99mﬂ[38;2;138;87;50;48;2;117;76;54mﬂ[38;2;143;113;88;48;2;146;105;66mﬂ[38;2;185;158;122;48;2;179;150;110mﬂ[38;2;195;154;101;48;2;193;165;124mﬂ[38;2;128;75;35;48;2;175;132;77mﬂ[38;2;166;135;106;48;2;182;149;111mﬂ[38;2;97;67;50;48;2;145;110;75mﬂ[38;2;142;94;50;48;2;129;86;55mﬂ[38;2;141;100;65;48;2;137;92;53mﬂ[38;2;183;147;102;48;2;148;102;58mﬂ[38;2;176;136;80;48;2;151;115;71mﬂ[38;2;191;160;118;48;2;189;162;119mﬂ[38;2;194;162;112;48;2;201;183;152mﬂ[38;2;194;161;104;48;2;211;204;188mﬂ[38;2;187;158;108;48;2;222;226;227mﬂ[38;2;196;180;150;48;2;227;236;244mﬂ[38;2;194;191;180;48;2;200;212;229mﬂ[38;2;219;225;232;48;2;163;165;181mﬂ[38;2;202;214;230;48;2;182;177;184mﬂ[38;2;172;186;213;48;2;213;221;237mﬂ[38;2;194;205;226;48;2;210;218;235mﬂ[38;2;210;218;235;48;2;208;216;234mﬂ[38;2;208;216;234;48;2;208;217;234mﬂ[48;2;208;216;233mﬂ[38;2;208;217;234;48;2;208;216;234mﬂ[38;2;209;217;234;48;2;207;216;233mﬂ[38;2;211;219;236;48;2;208;216;234mﬂ[38;2;209;213;228;48;2;209;217;235mﬂ[38;2;212;173;144;48;2;208;190;182mﬂ[38;2;219;176;142;48;2;219;175;140mﬂ[38;2;223;186;157;48;2;221;178;144mﬂ[38;2;224;189;163;48;2;222;181;148mﬂ[48;2;224;186;154mﬂ[38;2;224;190;163;48;2;223;184;151mﬂ[38;2;225;190;162;48;2;224;183;150mﬂ[38;2;225;189;159;48;2;226;183;150mﬂ[38;2;226;187;155;48;2;225;183;149mﬂ[38;2;222;177;140;48;2;223;178;139mﬂ[38;2;219;170;122;48;2;219;167;117mﬂ[38;2;221;169;117;48;2;221;169;117mﬂ[0m[K
[38;2;204;134;58;48;2;209;139;64mﬂ[38;2;205;134;60;48;2;206;134;60mﬂ[38;2;200;127;55;48;2;205;132;59mﬂ[38;2;199;126;54;48;2;204;132;60mﬂ[38;2;201;129;56;48;2;211;140;67mﬂ[38;2;205;136;62;48;2;208;138;65mﬂ[38;2;207;135;61;48;2;202;130;57mﬂ[38;2;210;138;64;48;2;202;129;57mﬂ[38;2;204;129;55;48;2;191;115;46mﬂ[38;2;204;128;53;48;2;193;118;49mﬂ[38;2;211;138;61;48;2;200;126;53mﬂ[38;2;213;138;62;48;2;211;137;61mﬂ[38;2;216;140;63;48;2;212;136;61mﬂ[38;2;215;139;62;48;2;213;138;62mﬂ[38;2;211;136;60;48;2;215;141;65mﬂ[38;2;197;125;58;48;2;206;131;59mﬂ[38;2;161;95;40;48;2;188;118;53mﬂ[38;2;109;58;20;48;2;145;84;34mﬂ[38;2;70;30;8;48;2;103;53;18mﬂ[38;2;57;20;5;48;2;70;30;9mﬂ[38;2;56;20;6;48;2;58;21;6mﬂ[38;2;62;23;7;48;2;54;20;5mﬂ[38;2;57;19;7;48;2;58;23;7mﬂ[38;2;52;19;6;48;2;57;22;7mﬂ[38;2;60;27;13;48;2;59;23;8mﬂ[38;2;62;38;31;48;2;56;21;7mﬂ[38;2;98;93;102;48;2;59;25;11mﬂ[38;2;140;147;163;48;2;66;34;20mﬂ[38;2;186;200;217;48;2;65;40;32mﬂ[38;2;212;223;234;48;2;85;72;72mﬂ[38;2;215;224;233;48;2;112;107;113mﬂ[38;2;202;204;206;48;2;125;127;142mﬂ[38;2;197;196;191;48;2;130;140;161mﬂ[38;2;205;199;184;48;2;146;160;183mﬂ[38;2;209;201;184;48;2;169;182;205mﬂ[38;2;197;184;163;48;2;180;194;215mﬂ[38;2;209;200;184;48;2;191;205;224mﬂ[38;2;208;191;164;48;2;180;193;214mﬂ[38;2;207;191;167;48;2;170;183;204mﬂ[38;2;209;202;191;48;2;156;167;188mﬂ[38;2;209;211;210;48;2;160;169;188mﬂ[38;2;222;230;237;48;2;150;154;172mﬂ[38;2;223;232;242;48;2;136;125;133mﬂ[38;2;195;209;227;48;2;147;111;94mﬂ[38;2;160;165;182;48;2;172;117;80mﬂ[38;2;149;135;139;48;2;192;130;81mﬂ[38;2;170;128;101;48;2;210;150;99mﬂ[38;2;215;158;106;48;2;221;166;116mﬂ[38;2;218;170;122;48;2;225;171;116mﬂ[38;2;216;221;235;48;2;216;207;203mﬂ[38;2;211;218;236;48;2;212;220;236mﬂ[38;2;208;216;234;48;2;209;217;234mﬂ[38;2;209;217;234mﬂ[38;2;209;216;233mﬂ[38;2;208;216;234;48;2;210;217;235mﬂ[38;2;209;216;235;48;2;208;215;234mﬂ[38;2;210;217;236mﬂ[38;2;211;217;237;48;2;209;216;235mﬂ[38;2;211;213;228;48;2;213;219;238mﬂ[38;2;211;168;135;48;2;207;182;167mﬂ[38;2;220;173;136;48;2;214;164;122mﬂ[38;2;223;177;141;48;2;216;165;122mﬂ[38;2;221;177;139;48;2;218;168;125mﬂ[38;2;224;180;145;48;2;220;171;130mﬂ[38;2;224;181;146;48;2;223;176;138mﬂ[38;2;220;175;138;48;2;225;180;144mﬂ[38;2;224;179;142;48;2;225;180;145mﬂ[38;2;225;178;140;48;2;223;176;138mﬂ[38;2;221;171;123;48;2;222;173;127mﬂ[38;2;221;171;121;48;2;218;167;117mﬂ[0m[K
[38;2;206;136;59;48;2;207;139;62mﬂ[38;2;210;139;65;48;2;204;133;57mﬂ[38;2;210;140;65;48;2;212;142;66mﬂ[38;2;208;137;63;48;2;214;144;68mﬂ[38;2;204;132;59;48;2;210;139;64mﬂ[38;2;201;129;56;48;2;206;133;59mﬂ[38;2;192;119;50;48;2;195;120;50mﬂ[38;2;197;123;53;48;2;201;127;54mﬂ[38;2;202;126;54;48;2;210;137;62mﬂ[38;2;203;129;54;48;2;203;128;54mﬂ[38;2;203;127;53;48;2;201;127;54mﬂ[38;2;207;133;58;48;2;202;128;55mﬂ[38;2;204;128;53;48;2;206;131;58mﬂ[38;2;211;135;60;48;2;211;138;63mﬂ[38;2;212;138;62;48;2;212;140;65mﬂ[38;2;213;139;63;48;2;213;139;63mﬂ[38;2;204;131;62;48;2;211;138;66mﬂ[38;2;179;110;48;48;2;199;127;62mﬂ[38;2;144;83;34;48;2;184;117;55mﬂ[38;2;114;63;24;48;2;158;97;45mﬂ[38;2;80;38;13;48;2;129;74;33mﬂ[38;2;60;24;6;48;2;102;56;24mﬂ[38;2;61;25;8;48;2;72;34;12mﬂ[38;2;63;27;9;48;2;68;31;12mﬂ[38;2;65;27;10;48;2;67;30;12mﬂ[38;2;62;26;9;48;2;66;29;11mﬂ[38;2;59;23;7;48;2;67;29;11mﬂ[38;2;62;26;9;48;2;67;28;10mﬂ[38;2;61;26;9;48;2;61;24;9mﬂ[38;2;57;24;9;48;2;62;26;10mﬂ[38;2;63;31;17;48;2;65;29;12mﬂ[38;2;75;41;23;48;2;63;28;11mﬂ[38;2;97;61;40;48;2;64;30;12mﬂ[38;2;109;73;52;48;2;62;30;12mﬂ[38;2;117;83;64;48;2;66;32;13mﬂ[38;2;128;96;80;48;2;82;39;16mﬂ[38;2;144;118;106;48;2;98;51;23mﬂ[38;2;150;125;114;48;2;114;62;30mﬂ[38;2;164;136;123;48;2;122;68;35mﬂ[38;2;161;128;109;48;2;122;67;35mﬂ[38;2;154;114;91;48;2;124;69;36mﬂ[38;2;138;89;60;48;2;131;76;40mﬂ[38;2;131;78;43;48;2;160;101;58mﬂ[38;2;156;95;53;48;2;188;125;74mﬂ[38;2;186;123;72;48;2;199;136;82mﬂ[38;2;204;142;90;48;2;211;152;101mﬂ[38;2;219;165;115;48;2;223;171;123mﬂ[38;2;228;177;129;48;2;226;174;123mﬂ[38;2;223;166;112;48;2;221;164;108mﬂ[38;2;213;180;154;48;2;212;160;111mﬂ[38;2;214;222;237;48;2;215;220;232mﬂ[38;2;209;217;234;48;2;211;218;235mﬂ[38;2;208;217;234;48;2;207;216;233mﬂ[38;2;208;217;233;48;2;208;216;233mﬂ[38;2;209;216;235;48;2;209;216;235mﬂ[48;2;208;215;234mﬂ[38;2;208;215;234mﬂ[38;2;209;216;235;48;2;209;216;235mﬂ[38;2;212;217;237;48;2;211;218;237mﬂ[38;2;212;211;223;48;2;214;221;239mﬂ[38;2;212;165;124;48;2;208;181;163mﬂ[38;2;219;169;127;48;2;215;164;123mﬂ[38;2;220;169;128;48;2;218;166;124mﬂ[38;2;222;173;134;48;2;221;171;131mﬂ[38;2;223;176;137;48;2;223;176;137mﬂ[38;2;221;172;132;48;2;215;165;124mﬂ[38;2;222;175;135;48;2;217;167;125mﬂ[38;2;221;174;132;48;2;220;171;130mﬂ[38;2;221;173;128;48;2;223;175;132mﬂ[38;2;220;170;122;48;2;221;174;129mﬂ[0m[K
[38;2;209;139;61;48;2;205;136;60mﬂ[38;2;207;136;59;48;2;203;132;55mﬂ[38;2;208;137;61;48;2;209;136;60mﬂ[38;2;211;140;63;48;2;208;137;61mﬂ[38;2;209;137;61;48;2;208;137;62mﬂ[38;2;209;137;60;48;2;206;133;59mﬂ[38;2;204;132;57;48;2;208;137;62mﬂ[38;2;200;127;53;48;2;204;131;57mﬂ[38;2;200;126;52;48;2;207;133;60mﬂ[38;2;205;131;58;48;2;205;132;58mﬂ[38;2;200;125;51;48;2;208;134;61mﬂ[38;2;202;128;55;48;2;214;141;67mﬂ[38;2;203;128;56;48;2;209;138;64mﬂ[38;2;205;130;57;48;2;210;140;67mﬂ[38;2;211;138;64;48;2;210;140;69mﬂ[38;2;215;144;71;48;2;208;138;66mﬂ[38;2;216;143;70;48;2;214;144;73mﬂ[38;2;210;141;72;48;2;217;147;77mﬂ[38;2;201;132;68;48;2;209;140;72mﬂ[38;2;190;124;63;48;2;201;133;68mﬂ[38;2;171;109;54;48;2;194;127;65mﬂ[38;2;154;95;47;48;2;185;120;62mﬂ[38;2;119;67;30;48;2;165;102;50mﬂ[38;2;86;44;17;48;2;145;87;40mﬂ[38;2;67;29;10;48;2;117;65;27mﬂ[38;2;60;25;7;48;2;91;46;18mﬂ[38;2;58;23;7;48;2;70;32;10mﬂ[38;2;60;25;8;48;2;60;25;7mﬂ[38;2;62;26;10mﬂ[48;2;58;24;7mﬂ[38;2;67;31;13;48;2;63;28;9mﬂ[38;2;67;32;14;48;2;72;34;13mﬂ[38;2;69;33;14;48;2;84;43;18mﬂ[38;2;78;39;16;48;2;90;45;19mﬂ[38;2;88;45;19;48;2;99;52;23mﬂ[38;2;100;54;24;48;2;116;64;29mﬂ[38;2;114;62;30;48;2;121;67;31mﬂ[38;2;121;67;33;48;2;128;73;35mﬂ[38;2;116;62;30;48;2;151;92;47mﬂ[38;2;122;67;34;48;2;174;109;59mﬂ[38;2;143;85;44;48;2;186;121;67mﬂ[38;2;173;110;62;48;2;191;127;73mﬂ[38;2;190;127;74;48;2;200;138;83mﬂ[38;2;196;132;78;48;2;212;154;99mﬂ[38;2;208;146;91;48;2;220;164;108mﬂ[38;2;218;163;107mﬂ[38;2;226;173;121;48;2;220;165;109mﬂ[38;2;224;172;120;48;2;219;165;109mﬂ[38;2;222;168;115;48;2;218;163;109mﬂ[38;2;217;163;111;48;2;218;165;115mﬂ[38;2;212;199;194;48;2;212;179;151mﬂ[38;2;212;220;236;48;2;216;223;239mﬂ[38;2;209;216;234;48;2;211;218;236mﬂ[38;2;208;215;234;48;2;208;215;234mﬂ[38;2;209;216;235;48;2;209;215;234mﬂ[38;2;208;215;234;48;2;210;217;236mﬂ[48;2;209;217;236mﬂ[38;2;210;217;236mﬂ[38;2;210;218;237;48;2;210;218;237mﬂ[48;2;213;220;239mﬂ[38;2;212;210;218;48;2;215;222;240mﬂ[38;2;209;161;124;48;2;211;182;163mﬂ[38;2;211;160;117;48;2;215;167;127mﬂ[38;2;218;169;130;48;2;218;170;131mﬂ[38;2;218;169;129;48;2;217;168;128mﬂ[38;2;217;168;127;48;2;222;176;138mﬂ[38;2;219;170;129;48;2;220;172;132mﬂ[38;2;220;170;129;48;2;223;178;140mﬂ[38;2;220;171;127;48;2;224;179;141mﬂ[38;2;222;175;134;48;2;224;180;144mﬂ[0m[K
[38;2;212;143;67;48;2;212;145;68mﬂ[38;2;205;134;59;48;2;209;140;64mﬂ[38;2;209;137;62;48;2;211;142;66mﬂ[38;2;212;141;64;48;2;212;142;66mﬂ[38;2;215;146;70;48;2;214;144;68mﬂ[38;2;214;145;70;48;2;214;145;70mﬂ[38;2;209;139;64;48;2;210;139;64mﬂ[38;2;211;143;68;48;2;214;145;70mﬂ[38;2;210;140;66;48;2;209;141;66mﬂ[38;2;205;134;60;48;2;210;141;68mﬂ[38;2;204;132;58;48;2;204;135;63mﬂ[38;2;206;135;61;48;2;205;136;66mﬂ[38;2;205;134;61;48;2;203;134;64mﬂ[38;2;207;137;66;48;2;193;125;59mﬂ[38;2;210;141;71;48;2;197;129;62mﬂ[38;2;203;132;63;48;2;192;124;59mﬂ[38;2;208;137;70;48;2;195;125;59mﬂ[38;2;213;145;78;48;2;200;129;63mﬂ[38;2;213;144;75;48;2;206;136;67mﬂ[38;2;219;152;83;48;2;217;149;79mﬂ[38;2;212;145;78;48;2;213;143;72mﬂ[38;2;198;130;66;48;2;216;146;75mﬂ[38;2;186;121;61;48;2;212;144;75mﬂ[38;2;173;111;54;48;2;197;129;65mﬂ[38;2;167;103;49;48;2;179;113;52mﬂ[38;2;158;95;44;48;2;169;104;46mﬂ[38;2;144;84;37;48;2;172;106;47mﬂ[38;2;126;71;31;48;2;176;110;50mﬂ[38;2;110;60;24;48;2;180;112;51mﬂ[38;2;107;56;23;48;2;179;111;50mﬂ[38;2;110;59;24;48;2;181;113;52mﬂ[38;2;111;60;25;48;2;187;120;58mﬂ[38;2;116;63;27;48;2;197;129;66mﬂ[38;2;134;78;36;48;2;200;134;70mﬂ[38;2;152;92;44;48;2;195;129;68mﬂ[38;2;168;106;56;48;2;193;129;72mﬂ[38;2;185;123;70;48;2;187;122;67mﬂ[38;2;190;126;71;48;2;185;119;65mﬂ[38;2;195;131;76;48;2;186;121;67mﬂ[38;2;193;128;73;48;2;199;137;82mﬂ[38;2;196;133;79;48;2;217;164;108mﬂ[38;2;206;146;91;48;2;228;179;129mﬂ[38;2;222;171;118;48;2;229;181;133mﬂ[38;2;225;174;119;48;2;224;174;121mﬂ[38;2;224;170;113;48;2;217;163;108mﬂ[38;2;220;163;107;48;2;216;162;107mﬂ[38;2;218;163;106;48;2;218;165;112mﬂ[38;2;215;161;104;48;2;217;165;111mﬂ[38;2;215;161;106;48;2;218;167;117mﬂ[38;2;218;167;116;48;2;217;167;119mﬂ[38;2;210;162;118;48;2;213;163;117mﬂ[38;2;216;219;230;48;2;215;199;190mﬂ[38;2;214;219;239;48;2;219;224;242mﬂ[38;2;211;217;236;48;2;214;219;238mﬂ[38;2;211;216;235;48;2;213;218;237mﬂ[38;2;211;219;238;48;2;211;218;237mﬂ[38;2;210;218;237;48;2;210;219;236mﬂ[48;2;210;218;237mﬂ[38;2;211;218;237;48;2;210;218;238mﬂ[38;2;211;218;239;48;2;211;217;240mﬂ[38;2;214;220;240;48;2;213;219;239mﬂ[38;2;214;212;219;48;2;215;222;242mﬂ[38;2;211;166;128;48;2;211;182;161mﬂ[38;2;218;173;136;48;2;217;171;136mﬂ[38;2;216;170;131;48;2;218;171;137mﬂ[38;2;222;176;139;48;2;219;172;138mﬂ[38;2;224;179;144;48;2;221;177;143mﬂ[38;2;224;180;146;48;2;223;179;145mﬂ[38;2;225;181;146;48;2;222;179;144mﬂ[38;2;222;178;142;48;2;225;183;149mﬂ[0m[K
[0m