[38;2;220;208;162;48;2;216;203;158mﬂ[38;2;146;141;96;48;2;139;133;91mﬂ[38;2;111;102;94;48;2;116;107;97mﬂ[38;2;117;106;96;48;2;115;104;94mﬂ[38;2;122;110;98;48;2;123;111;99mﬂ[38;2;127;120;111;48;2;129;122;114mﬂ[38;2;108;108;110;48;2;108;108;112mﬂ[38;2;167;163;165;48;2;167;164;164mﬂ[38;2;126;123;129;48;2;132;129;133mﬂ[38;2;93;93;101;48;2;88;88;96mﬂ[38;2;76;76;86;48;2;77;78;87mﬂ[38;2;112;106;108;48;2;104;101;107mﬂ[38;2;123;113;113;48;2;122;116;119mﬂ[38;2;132;120;118;48;2;124;119;120mﬂ[38;2;137;127;124;48;2;145;135;130mﬂ[38;2;150;140;138;48;2;157;149;143mﬂ[38;2;148;137;132;48;2;154;145;141mﬂ[38;2;149;138;135;48;2;143;133;130mﬂ[38;2;173;162;155;48;2;139;130;128mﬂ[38;2;153;143;140;48;2;144;135;133mﬂ[38;2;150;141;140;48;2;162;153;150mﬂ[38;2;139;134;138;48;2;170;160;155mﬂ[38;2;139;134;136;48;2;149;139;134mﬂ[38;2;142;136;138;48;2;147;142;140mﬂ[38;2;150;142;142;48;2;149;142;139mﬂ[38;2;136;127;127;48;2;153;143;139mﬂ[38;2;156;145;140;48;2;157;147;142mﬂ[38;2;158;150;149;48;2;168;158;154mﬂ[38;2;141;135;135;48;2;138;132;133mﬂ[38;2;143;136;136;48;2;140;135;136mﬂ[38;2;162;151;151;48;2;150;140;136mﬂ[38;2;140;131;131;48;2;166;153;147mﬂ[38;2;146;140;141;48;2;150;140;138mﬂ[38;2;133;129;134;48;2;147;138;139mﬂ[38;2;152;145;147;48;2;164;153;151mﬂ[38;2;138;131;133;48;2;135;127;127mﬂ[38;2;143;134;135;48;2;143;135;135mﬂ[38;2;158;149;149;48;2;133;125;128mﬂ[38;2;146;137;138;48;2;152;145;146mﬂ[38;2;132;124;127;48;2;134;128;131mﬂ[38;2;115;115;124;48;2;96;100;113mﬂ[38;2;130;130;138;48;2;117;120;130mﬂ[38;2;125;122;127;48;2;186;184;185mﬂ[38;2;103;103;112;48;2;213;213;213mﬂ[38;2;130;128;135;48;2;191;191;195mﬂ[38;2;144;141;148;48;2;110;108;114mﬂ[38;2;129;127;133;48;2;128;126;132mﬂ[38;2;98;100;112;48;2;144;140;146mﬂ[38;2;106;108;118;48;2;152;153;161mﬂ[38;2;122;122;130;48;2;159;164;174mﬂ[38;2;154;154;162;48;2;141;146;158mﬂ[38;2;163;164;172;48;2;106;111;126mﬂ[38;2;163;167;175;48;2;71;78;98mﬂ[38;2;146;151;164;48;2;63;72;94mﬂ[38;2;105;112;130;48;2;67;77;100mﬂ[38;2;70;81;105;48;2;92;101;122mﬂ[38;2;96;104;127;48;2;111;118;138mﬂ[38;2;118;123;145;48;2;108;114;137mﬂ[38;2;130;135;155;48;2;124;130;150mﬂ[38;2;133;138;157;48;2;129;134;154mﬂ[38;2;137;142;161;48;2;136;141;160mﬂ[38;2;139;144;163;48;2;137;142;161mﬂ[38;2;139;144;164;48;2;140;145;164mﬂ[38;2;140;145;165;48;2;139;144;165mﬂ[38;2;142;147;167;48;2;140;145;165mﬂ[38;2;140;145;166mﬂ[38;2;140;145;167;48;2;138;144;166mﬂ[38;2;130;140;167;48;2;130;139;167mﬂ[38;2;132;142;171;48;2;129;140;169mﬂ[38;2;152;158;179;48;2;150;155;178mﬂ[0m[K
[38;2;219;208;158;48;2;210;199;154mﬂ[38;2;131;128;92;48;2;127;124;97mﬂ[38;2;120;111;101;48;2;117;109;101mﬂ[38;2;106;98;91;48;2;100;92;88mﬂ[38;2;116;107;98;48;2;111;104;99mﬂ[38;2;111;109;110;48;2;113;112;118mﬂ[38;2;101;101;107;48;2;88;87;93mﬂ[38;2;161;159;160;48;2;126;124;131mﬂ[38;2;141;140;141;48;2;115;116;122mﬂ[38;2;94;94;101;48;2;100;100;107mﬂ[38;2;76;77;85;48;2;76;77;85mﬂ[38;2;102;101;107;48;2;105;104;108mﬂ[38;2;124;120;121;48;2;122;116;118mﬂ[38;2;151;138;132;48;2;117;113;115mﬂ[38;2;139;128;124;48;2;140;130;126mﬂ[38;2;143;133;130;48;2;145;132;126mﬂ[38;2;140;131;126;48;2;151;139;132mﬂ[38;2;142;130;126;48;2;143;132;128mﬂ[38;2;155;143;137;48;2;139;129;125mﬂ[38;2;142;133;128;48;2;157;147;141mﬂ[38;2;153;144;140;48;2;161;151;146mﬂ[38;2;154;142;135;48;2;152;147;143mﬂ[38;2;155;144;139;48;2;140;134;133mﬂ[38;2;153;146;143;48;2;158;149;143mﬂ[38;2;157;149;147;48;2;151;143;138mﬂ[38;2;149;141;139;48;2;166;156;148mﬂ[38;2;158;147;141;48;2;154;145;140mﬂ[38;2;139;132;131;48;2;142;137;135mﬂ[38;2;151;144;145;48;2;137;131;132mﬂ[38;2;144;137;137;48;2;152;144;143mﬂ[38;2;150;142;139;48;2;140;135;135mﬂ[38;2;147;139;139;48;2;141;132;131mﬂ[38;2;154;144;143;48;2;153;139;135mﬂ[38;2;142;132;131;48;2;132;121;120mﬂ[38;2;144;135;135;48;2;131;126;128mﬂ[38;2;157;148;146;48;2;150;146;147mﬂ[38;2;135;128;128;48;2;198;195;193mﬂ[38;2;123;117;120;48;2;223;222;220mﬂ[38;2;155;149;150;48;2;207;207;206mﬂ[38;2;189;186;186;48;2;223;224;222mﬂ[38;2;221;221;220;48;2;222;222;221mﬂ[38;2;226;226;223;48;2;214;214;213mﬂ[38;2;224;224;221;48;2;218;218;217mﬂ[38;2;222;223;221;48;2;215;218;217mﬂ[38;2;228;233;237;48;2;220;223;226mﬂ[38;2;175;175;181;48;2;173;177;185mﬂ[38;2;153;156;166;48;2;71;75;91mﬂ[38;2;138;142;154;48;2;60;65;83mﬂ[38;2;100;105;121;48;2;81;86;104mﬂ[38;2;64;70;89;48;2;84;90;107mﬂ[38;2;59;65;84;48;2;111;117;134mﬂ[38;2;80;87;105;48;2;153;160;175mﬂ[38;2;112;119;137;48;2;148;157;174mﬂ[38;2;98;105;125;48;2;148;156;174mﬂ[38;2;129;136;154;48;2;161;168;184mﬂ[38;2;162;168;182;48;2;165;172;187mﬂ[38;2;112;120;141;48;2;109;118;140mﬂ[38;2;103;109;132;48;2;102;108;131mﬂ[38;2;121;126;147;48;2;119;124;145mﬂ[38;2;127;132;152;48;2;124;129;149mﬂ[38;2;136;141;161;48;2;134;139;159mﬂ[38;2;136;141;160;48;2;138;141;161mﬂ[38;2;139;144;163;48;2;139;143;162mﬂ[38;2;138;143;163;48;2;137;142;162mﬂﬂ[48;2;136;141;161mﬂ[38;2;139;144;165;48;2;136;141;162mﬂ[38;2;130;138;165;48;2;129;137;163mﬂ[38;2;123;136;163;48;2;120;133;161mﬂ[38;2;147;152;175;48;2;145;151;174mﬂ[0m[K
[38;2;168;160;131;48;2;159;149;114mﬂ[38;2;114;112;97;48;2;128;122;98mﬂ[38;2;104;97;93;48;2;84;83;84mﬂ[38;2;91;87;86;48;2;75;77;83mﬂ[38;2;82;82;84;48;2;87;89;96mﬂ[38;2;77;80;89;48;2;74;78;84mﬂ[38;2;73;75;82;48;2;85;87;94mﬂ[38;2;107;105;112;48;2;70;67;76mﬂ[38;2;91;95;104;48;2;84;87;96mﬂ[38;2;70;73;82;48;2;83;85;94mﬂ[38;2;82;83;91;48;2;81;82;90mﬂ[38;2;107;101;104;48;2;97;94;101mﬂ[38;2;116;109;108;48;2;125;115;114mﬂ[38;2;138;125;119mﬂ[38;2;133;124;120;48;2;118;113;117mﬂ[38;2;128;121;119;48;2;136;126;124mﬂ[38;2;137;131;130;48;2;153;139;131mﬂ[38;2;142;132;127;48;2;135;125;122mﬂ[38;2;156;144;137;48;2;133;126;124mﬂ[38;2;151;141;134;48;2;150;141;138mﬂ[38;2;146;139;139;48;2;145;135;133mﬂ[38;2;138;130;125;48;2;134;125;123mﬂ[38;2;158;146;141;48;2;128;119;117mﬂ[38;2;154;144;138;48;2;145;133;127mﬂ[38;2;140;130;126;48;2;133;122;119mﬂ[38;2;127;120;122;48;2;133;125;123mﬂ[38;2;138;133;134;48;2;127;123;125mﬂ[38;2;131;125;126;48;2;111;108;110mﬂ[38;2;134;128;129;48;2;116;112;116mﬂ[38;2;142;137;138;48;2;158;156;158mﬂ[38;2;118;114;120;48;2;198;198;195mﬂ[38;2;120;115;119;48;2;225;225;222mﬂ[38;2;164;157;156mﬂ[38;2;200;197;196;48;2;224;224;221mﬂ[38;2;225;225;223;48;2;222;222;220mﬂ[48;2;221;221;219mﬂ[38;2;224;224;222;48;2;219;219;217mﬂ[48;2;212;213;211mﬂ[38;2;143;144;148;48;2;70;73;83mﬂ[38;2;78;81;90;48;2;70;73;85mﬂ[38;2;164;166;168;48;2;105;109;117mﬂ[38;2;83;86;94;48;2;142;144;149mﬂ[38;2;213;215;214;48;2;210;212;211mﬂ[38;2;211;213;213mﬂ[38;2;208;212;217;48;2;217;222;228mﬂ[38;2;173;178;186;48;2;179;186;198mﬂ[38;2;82;86;101;48;2;137;143;156mﬂ[38;2;130;134;146;48;2;159;165;175mﬂ[38;2;147;154;168;48;2;152;159;172mﬂ[38;2;151;157;172;48;2;156;162;176mﬂ[38;2;160;166;180;48;2;163;169;183mﬂ[38;2;159;166;180;48;2;110;116;132mﬂ[38;2;149;158;175;48;2;75;83;102mﬂ[38;2;155;163;180;48;2;86;93;113mﬂ[38;2;159;167;182;48;2;72;79;99mﬂ[38;2;107;116;135;48;2;89;97;117mﬂ[38;2;95;105;129;48;2;102;113;136mﬂ[38;2;99;105;129;48;2;97;104;127mﬂ[38;2;117;122;143;48;2;115;121;141mﬂ[38;2;123;128;148;48;2;121;126;146mﬂ[38;2;132;137;156;48;2;131;136;155mﬂ[38;2;137;140;160;48;2;136;139;158mﬂ[38;2;137;141;160;48;2;137;140;159mﬂ[38;2;135;140;160;48;2;135;139;159mﬂ[38;2;137;142;162;48;2;136;141;161mﬂ[48;2;137;142;162mﬂ[38;2;135;140;161;48;2;134;140;160mﬂ[38;2;128;135;162;48;2;129;136;162mﬂ[38;2;117;129;159;48;2;115;128;158mﬂ[38;2;144;150;172;48;2;142;149;171mﬂ[0m[K
[38;2;198;180;88;48;2;201;181;86mﬂ[38;2;207;187;89;48;2;206;184;83mﬂ[38;2;157;145;93;48;2;198;180;94mﬂ[38;2;105;103;87;48;2;185;168;88mﬂ[38;2;92;93;97;48;2;107;102;80mﬂ[38;2;71;74;82;48;2;75;77;81mﬂ[38;2;76;79;88;48;2;64;68;77mﬂ[38;2;64;67;75;48;2;88;92;99mﬂ[38;2;61;64;71;48;2;70;74;81mﬂ[38;2;86;87;96;48;2;60;62;70mﬂ[38;2;84;82;86;48;2;65;65;73mﬂ[38;2;86;85;91;48;2;87;86;91mﬂ[38;2;113;107;109;48;2;115;106;106mﬂ[38;2;124;119;118;48;2;117;109;105mﬂ[38;2;132;123;120;48;2;129;119;115mﬂ[38;2;141;130;124;48;2;136;125;119mﬂ[38;2;131;122;121;48;2;144;131;124mﬂ[38;2;132;124;123;48;2;120;113;112mﬂ[38;2;130;125;124;48;2;123;117;115mﬂ[38;2;121;116;119;48;2;141;129;122mﬂ[38;2;133;123;124;48;2;145;132;125mﬂ[38;2;128;119;119;48;2;117;111;110mﬂ[38;2;133;126;124;48;2;124;121;122mﬂ[38;2;116;116;120;48;2;159;160;162mﬂ[38;2;101;98;102;48;2;196;197;195mﬂ[38;2;121;117;119;48;2;226;227;223mﬂ[38;2;148;146;148;48;2;224;225;220mﬂ[38;2;189;189;187;48;2;222;223;218mﬂ[38;2;225;225;221;48;2;220;221;217mﬂ[38;2;224;225;220;48;2;219;219;216mﬂ[38;2;222;223;219;48;2;218;218;216mﬂ[38;2;221;221;218;48;2;216;217;214mﬂ[38;2;216;216;214;48;2;181;183;182mﬂ[38;2;194;194;193;48;2;101;106;111mﬂ[38;2;217;218;216;48;2;107;111;116mﬂ[38;2;216;217;215;48;2;187;188;188mﬂ[38;2;186;187;187;48;2;50;54;61mﬂ[38;2;165;168;169;48;2;187;190;190mﬂ[38;2;118;121;127;48;2;177;179;180mﬂ[38;2;138;140;145;48;2;164;168;171mﬂ[38;2;95;99;107;48;2;83;87;95mﬂ[38;2;169;171;173;48;2;205;207;207mﬂ[38;2;207;209;208;48;2;205;207;206mﬂ[38;2;208;210;209;48;2;206;208;208mﬂ[38;2;215;220;226;48;2;214;219;224mﬂ[38;2;186;192;204;48;2;191;198;209mﬂ[38;2;140;145;156;48;2;73;78;94mﬂ[38;2;121;125;136;48;2;63;69;85mﬂ[38;2;87;93;108;48;2;88;93;110mﬂ[38;2;98;104;120;48;2;81;87;105mﬂ[38;2;75;81;97;48;2;103;111;126mﬂ[38;2;76;83;101;48;2;141;148;165mﬂ[38;2;100;108;127;48;2;136;144;162mﬂ[38;2;94;102;122;48;2;137;145;164mﬂ[38;2;118;126;144;48;2;149;156;171mﬂ[38;2;156;162;180;48;2;158;164;180mﬂ[38;2;105;115;137;48;2;104;114;135mﬂ[38;2;95;102;125;48;2;93;100;123mﬂ[38;2;111;117;137;48;2;108;113;133mﬂ[38;2;119;124;144;48;2;116;121;141mﬂ[38;2;129;134;153;48;2;128;132;152mﬂ[38;2;135;138;156;48;2;132;135;153mﬂ[38;2;137;140;157;48;2;134;137;155mﬂ[38;2;135;138;157;48;2;132;136;154mﬂ[38;2;134;139;159;48;2;132;137;156mﬂ[38;2;136;141;161;48;2;134;139;159mﬂ[38;2;135;140;161;48;2;133;138;158mﬂ[38;2;128;135;159;48;2;127;133;156mﬂ[38;2;111;124;154;48;2;108;121;150mﬂ[38;2;142;147;168;48;2;140;145;166mﬂ[0m[K
[38;2;198;179;83;48;2;200;180;81mﬂ[38;2;199;180;83;48;2;203;182;82mﬂ[38;2;196;181;93;48;2;194;178;88mﬂ[38;2;180;163;84;48;2;184;165;79mﬂ[38;2;139;129;74;48;2;144;132;72mﬂ[38;2;94;95;86;48;2;101;98;85mﬂ[38;2;56;60;69;48;2;60;64;72mﬂ[38;2;91;95;103;48;2;73;76;84mﬂ[38;2;72;75;82;48;2;72;74;81mﬂ[38;2;51;55;62;48;2;48;51;59mﬂ[38;2;51;54;62;48;2;45;48;55mﬂ[38;2;94;88;87;48;2;88;83;85mﬂ[38;2;118;107;103;48;2;112;105;103mﬂ[38;2;137;125;119;48;2;109;103;103mﬂ[38;2;118;112;112;48;2;115;108;107mﬂ[38;2;126;114;109;48;2;125;116;112mﬂ[38;2;138;127;122;48;2;132;127;125mﬂ[38;2;140;131;126;48;2;176;174;173mﬂ[38;2;118;113;114;48;2;213;213;210mﬂ[38;2;128;124;123;48;2;225;226;221mﬂ[38;2;175;171;169;48;2;224;225;220mﬂ[38;2;210;209;205;48;2;221;222;217mﬂ[38;2;226;227;222;48;2;219;219;215mﬂ[38;2;223;224;219;48;2;217;218;214mﬂ[38;2;221;222;217;48;2;216;217;213mﬂ[38;2;219;220;216;48;2;204;204;203mﬂ[38;2;219;219;216;48;2;209;209;207mﬂ[38;2;218;218;215;48;2;206;207;205mﬂ[38;2;216;216;213;48;2;192;193;192mﬂ[38;2;214;214;212;48;2;209;211;208mﬂ[38;2;213;213;211;48;2;207;209;206mﬂ[38;2;212;214;211;48;2;206;208;205mﬂ[38;2;149;151;154;48;2;68;71;77mﬂ[38;2;51;54;62;48;2;139;142;145mﬂ[38;2;90;95;99;48;2;93;96;103mﬂ[38;2;99;102;108;48;2;119;122;125mﬂ[38;2;79;83;91;48;2;93;97;101mﬂ[38;2;206;208;207;48;2;204;206;205mﬂ[38;2;136;138;142;48;2;128;130;134mﬂ[38;2;94;99;106;48;2;88;93;100mﬂ[38;2;85;89;98;48;2;80;84;91mﬂ[38;2;203;206;205;48;2;194;196;197mﬂ[38;2;204;205;206;48;2;203;204;204mﬂ[38;2;205;206;208;48;2;204;205;207mﬂ[38;2;211;217;221;48;2;211;216;221mﬂ[38;2;197;204;216;48;2;204;210;222mﬂ[38;2;84;91;108;48;2;110;117;132mﬂ[38;2;129;136;149;48;2;140;146;159mﬂ[38;2;129;137;153;48;2;133;140;155mﬂ[38;2;132;140;156;48;2;139;145;158mﬂ[38;2;146;153;166;48;2;152;157;168mﬂ[38;2;146;153;168;48;2;149;155;167mﬂ[38;2;137;144;162;48;2;136;144;160mﬂ[38;2;140;147;165;48;2;141;149;164mﬂ[38;2;151;157;171;48;2;150;156;169mﬂ[38;2;155;161;177;48;2;150;156;171mﬂ[38;2;107;116;137;48;2;114;123;141mﬂ[38;2;92;98;120;48;2;91;97;119mﬂ[38;2;105;110;130;48;2;102;108;128mﬂ[38;2;114;119;139;48;2;113;118;138mﬂ[38;2;127;130;149;48;2;125;128;148mﬂ[38;2;131;134;153;48;2;130;133;150mﬂ[38;2;129;132;151;48;2;128;131;149mﬂ[38;2;131;134;153mﬂ[38;2;131;133;154;48;2;127;131;152mﬂ[38;2;131;136;156;48;2;129;134;154mﬂ[48;2;130;135;155mﬂ[38;2;125;132;156;48;2;124;130;154mﬂ[38;2;107;120;148;48;2;104;117;146mﬂ[38;2;137;143;163;48;2;135;140;163mﬂ[0m[K
[38;2;200;181;80;48;2;199;179;76mﬂ[38;2;200;181;86;48;2;200;181;85mﬂ[38;2;185;168;79;48;2;183;166;71mﬂ[38;2;193;172;74;48;2;194;174;70mﬂ[38;2;166;149;66;48;2;182;163;62mﬂ[38;2;126;122;89;48;2;129;125;89mﬂ[38;2;72;76;83;48;2;89;92;98mﬂ[38;2;78;82;89;48;2;96;97;98mﬂ[38;2;79;81;88;48;2;74;76;82mﬂ[38;2;50;52;59;48;2;42;45;52mﬂ[38;2;52;53;61;48;2;57;57;63mﬂ[38;2;88;84;86;48;2;97;91;91mﬂ[38;2;110;102;103;48;2;105;99;98mﬂ[38;2;117;111;110;48;2;108;102;100mﬂ[38;2;107;103;105;48;2;131;122;119mﬂ[38;2;107;102;101;48;2;145;138;136mﬂ[38;2;107;103;101;48;2;147;146;144mﬂ[38;2;215;215;210;48;2;203;203;200mﬂ[38;2;188;189;186;48;2;173;174;172mﬂ[38;2;214;215;210;48;2;179;180;177mﬂ[38;2;181;182;178;48;2;157;157;156mﬂ[38;2;193;195;192;48;2;130;131;133mﬂ[38;2;203;204;202;48;2;202;204;202mﬂ[38;2;212;213;210;48;2;208;209;206mﬂ[38;2;209;210;208;48;2;207;209;205mﬂ[38;2;83;84;86;48;2;121;124;126mﬂ[38;2;207;209;207;48;2;130;131;133mﬂ[38;2;172;173;173;48;2;144;146;147mﬂ[38;2;105;106;110;48;2;170;171;171mﬂ[38;2;205;207;204;48;2;202;204;201mﬂ[38;2;204;206;203;48;2;201;203;200mﬂ[38;2;201;203;201;48;2;202;204;200mﬂ[38;2;142;144;145;48;2;153;154;154mﬂ[38;2;130;133;137;48;2;95;98;102mﬂ[38;2;115;118;121;48;2;166;168;169mﬂ[38;2;147;150;153;48;2;79;82;88mﬂ[38;2;99;102;107;48;2;114;115;120mﬂ[38;2;204;206;205;48;2;202;204;203mﬂ[38;2;122;125;129;48;2;108;112;116mﬂ[38;2;77;81;88;48;2;127;131;134mﬂ[38;2;141;145;150;48;2;112;115;119mﬂ[38;2;127;130;136;48;2;55;58;68mﬂ[38;2;201;203;203;48;2;200;202;201mﬂ[38;2;203;204;206;48;2;201;203;202mﬂ[38;2;210;214;218;48;2;207;211;214mﬂ[38;2;207;214;226;48;2;208;214;226mﬂ[38;2;113;119;132;48;2;113;119;133mﬂ[38;2;141;146;158;48;2;132;137;149mﬂ[38;2;131;138;153;48;2;125;131;145mﬂ[38;2;139;145;157;48;2;134;140;151mﬂ[38;2;149;153;164;48;2;143;147;158mﬂ[38;2;145;151;164;48;2;140;146;160mﬂ[38;2;135;142;159;48;2;131;139;156mﬂ[38;2;141;148;162;48;2;139;146;161mﬂ[38;2;148;154;166;48;2;145;151;165mﬂ[38;2;143;150;166;48;2;134;142;159mﬂ[38;2;119;128;147;48;2;128;137;155mﬂ[38;2;96;102;124;48;2;101;108;130mﬂ[38;2;100;106;126;48;2;102;107;128mﬂ[38;2;110;115;135;48;2;108;113;133mﬂ[38;2;120;123;144;48;2;115;120;140mﬂ[38;2;126;129;147;48;2;121;125;145mﬂ[38;2;127;130;149;48;2;123;127;146mﬂ[38;2;125;128;148;48;2;122;125;146mﬂ[38;2;125;130;150;48;2;121;125;147mﬂ[38;2;128;132;152;48;2;120;125;147mﬂ[38;2;130;134;154;48;2;125;131;153mﬂ[38;2;123;130;153;48;2;121;127;151mﬂ[38;2;102;115;144;48;2;108;120;146mﬂ[38;2;132;138;161;48;2;126;132;155mﬂ[0m[K
[38;2;199;179;75;48;2;199;179;73mﬂ[38;2;197;179;85;48;2;190;172;82mﬂ[38;2;188;169;71;48;2;199;178;72mﬂ[38;2;190;171;70;48;2;193;170;70mﬂ[38;2;194;175;63;48;2;197;177;59mﬂ[38;2;123;118;89;48;2;120;115;90mﬂ[38;2;82;83;89;48;2;80;83;89mﬂ[38;2;99;99;99;48;2;118;118;116mﬂ[38;2;80;82;89;48;2;88;89;95mﬂ[38;2;43;46;53;48;2;42;46;52mﬂ[38;2;60;60;66;48;2;55;55;61mﬂ[38;2;111;106;105;48;2;101;93;92mﬂ[38;2;125;115;108;48;2;99;93;94mﬂ[38;2;116;107;104;48;2;103;98;99mﬂ[38;2;107;101;100;48;2;111;109;111mﬂ[38;2;80;81;84;48;2;141;143;146mﬂ[38;2;49;51;54;48;2;148;151;153mﬂ[38;2;183;184;181;48;2;194;196;194mﬂ[38;2;148;149;148;48;2;209;210;207mﬂ[38;2;138;139;139;48;2;178;180;177mﬂ[38;2;132;133;134;48;2;101;102;103mﬂ[38;2;119;120;122;48;2;121;123;123mﬂ[38;2;156;158;157;48;2;82;86;88mﬂ[38;2;180;183;181;48;2;113;116;117mﬂ[38;2;199;202;199;48;2;203;205;201mﬂ[38;2;100;102;104;48;2;165;167;166mﬂ[38;2;128;129;131;48;2;123;125;127mﬂ[38;2;134;137;138;48;2;103;105;107mﬂ[38;2;126;127;128;48;2;128;130;131mﬂ[38;2;201;203;200;48;2;200;202;199mﬂ[38;2;200;202;200;48;2;199;201;198mﬂ[38;2;199;201;198;48;2;198;200;197mﬂ[38;2;185;187;185mﬂ[38;2;200;202;201mﬂ[38;2;189;191;190;48;2;198;200;198mﬂ[38;2;187;189;189;48;2;198;200;199mﬂ[38;2;163;164;165;48;2;199;201;199mﬂ[38;2;196;198;197;48;2;196;198;196mﬂ[38;2;138;141;142;48;2;191;192;189mﬂ[38;2;197;199;198;48;2;186;186;183mﬂ[38;2;187;190;189;48;2;179;179;175mﬂ[38;2;187;189;188;48;2;172;172;168mﬂ[38;2;194;195;193;48;2;163;164;162mﬂ[38;2;186;186;184;48;2;141;143;143mﬂ[38;2;181;181;181;48;2;117;119;122mﬂ[38;2;200;206;212;48;2;94;96;104mﬂ[38;2;110;117;131;48;2;91;98;109mﬂ[38;2;120;126;138;48;2;89;95;108mﬂ[38;2;120;127;142;48;2;96;102;117mﬂ[38;2;130;136;149;48;2;105;111;124mﬂ[38;2;138;143;155;48;2;80;84;98mﬂ[38;2;116;121;136;48;2;55;61;77mﬂ[38;2;109;116;133;48;2;59;64;82mﬂ[38;2;125;131;147;48;2;59;64;83mﬂ[38;2;110;116;131;48;2;70;75;94mﬂ[38;2;70;77;95;48;2;107;115;134mﬂ[38;2;130;139;156;48;2;138;147;164mﬂ[38;2;98;104;127;48;2;89;94;116mﬂ[38;2;98;104;126;48;2;92;99;119mﬂ[38;2;102;108;129;48;2;98;104;124mﬂ[38;2;109;113;134;48;2;102;107;126mﬂ[38;2;112;117;137;48;2;107;113;130mﬂ[38;2;113;118;139;48;2;111;117;133mﬂ[38;2;118;123;144;48;2;117;124;138mﬂ[38;2;114;119;141;48;2;138;145;155mﬂ[38;2;107;114;137;48;2;166;171;177mﬂ[38;2;111;118;140;48;2;185;190;193mﬂ[38;2;114;123;142;48;2;199;204;206mﬂ[38;2;116;126;145;48;2;195;200;202mﬂ[38;2;136;145;160;48;2;206;211;214mﬂ[0m[K
[38;2;198;177;71;48;2;199;178;70mﬂ[38;2;186;167;77;48;2;180;163;82mﬂ[38;2;197;175;76;48;2;177;156;73mﬂ[38;2;189;165;69;48;2;182;160;68mﬂ[38;2;203;180;61;48;2;200;179;64mﬂ[38;2;115;110;92;48;2;98;96;85mﬂ[38;2;87;89;93;48;2;84;85;91mﬂ[38;2;127;126;126;48;2;113;114;116mﬂ[38;2;91;92;98;48;2;96;96;102mﬂ[38;2;39;41;48;48;2;41;44;51mﬂ[38;2;50;51;54;48;2;46;47;53mﬂ[38;2;96;89;89;48;2;93;86;87mﬂ[38;2;102;96;97;48;2;98;92;92mﬂ[38;2;106;101;100;48;2;102;96;94mﬂ[38;2;106;102;103;48;2;105;102;102mﬂ[38;2;158;162;165;48;2;63;64;68mﬂ[38;2;105;108;112;48;2;77;80;84mﬂ[38;2;162;163;163;48;2;147;149;150mﬂ[38;2;211;211;209;48;2;210;210;208mﬂ[38;2;195;196;194;48;2;203;205;202mﬂ[38;2;203;205;202;48;2;200;202;199mﬂ[38;2;193;195;192;48;2;201;203;200mﬂ[38;2;172;174;171;48;2;200;202;199mﬂ[38;2;194;196;194;48;2;198;200;197mﬂ[38;2;200;202;199mﬂ[48;2;197;200;197mﬂ[38;2;199;201;198;48;2;197;199;196mﬂ[38;2;199;201;199;48;2;196;198;195mﬂ[38;2;199;201;198;48;2;192;193;189mﬂ[38;2;198;200;197;48;2;187;187;183mﬂ[48;2;183;183;178mﬂ[48;2;177;178;171mﬂ[38;2;195;198;194;48;2;172;171;166mﬂ[38;2;191;192;187;48;2;154;153;150mﬂ[38;2;188;188;183;48;2;125;126;124mﬂ[38;2;183;183;178;48;2;90;92;94mﬂ[38;2;177;176;171;48;2;65;67;72mﬂ[38;2;167;168;163;48;2;52;54;60mﬂ[38;2;142;142;141;48;2;70;73;80mﬂ[38;2;117;118;118;48;2;56;59;66mﬂ[38;2;93;94;98;48;2;46;49;58mﬂ[38;2;80;83;90;48;2;58;61;70mﬂ[38;2;74;77;85;48;2;50;54;63mﬂ[38;2;52;56;65;48;2;48;51;61mﬂ[38;2;60;64;75;48;2;49;53;64mﬂ[38;2;56;60;71mﬂ[38;2;59;63;74;48;2;57;61;73mﬂ[38;2;54;57;71;48;2;83;90;105mﬂ[38;2;58;62;75;48;2;97;103;121mﬂ[38;2;56;61;75;48;2;94;100;117mﬂ[38;2;66;70;86;48;2;103;109;126mﬂ[38;2;96;103;121;48;2;112;119;136mﬂ[38;2;107;114;133;48;2;122;129;146mﬂ[38;2;106;114;131;48;2;127;133;150mﬂ[38;2;121;128;144;48;2;132;138;152mﬂ[38;2;128;135;153;48;2;128;136;151mﬂ[38;2;136;144;160;48;2;156;164;175mﬂ[38;2;115;121;134;48;2;185;190;193mﬂ[38;2;123;129;140;48;2;188;193;196mﬂ[38;2;138;143;151;48;2;194;199;200mﬂ[38;2;158;163;168;48;2;200;206;207mﬂ[38;2;174;178;181;48;2;205;211;212mﬂ[38;2;190;195;196;48;2;211;217;217mﬂ[38;2;205;209;210;48;2;213;219;219mﬂ[38;2;208;213;213;48;2;213;218;218mﬂ[38;2;211;216;216;48;2;213;219;219mﬂ[38;2;211;216;217mﬂ[38;2;213;219;219;48;2;214;220;220mﬂ[38;2;208;214;214;48;2;210;216;216mﬂ[38;2;213;219;219;48;2;214;220;220mﬂ[0m[K
[38;2;199;178;70;48;2;199;178;70mﬂ[38;2;172;156;75;48;2;199;179;76mﬂ[38;2;117;106;67;48;2;185;168;75mﬂ[38;2;149;134;69;48;2;152;139;72mﬂ[38;2;179;161;67;48;2;129;120;81mﬂ[38;2;76;75;71;48;2;73;72;70mﬂ[38;2;85;87;91;48;2;95;96;97mﬂ[38;2;110;112;116;48;2;116;118;121mﬂ[38;2;94;95;100;48;2;107;108;112mﬂ[38;2;45;48;54;48;2;51;52;58mﬂ[38;2;49;49;53;48;2;51;49;53mﬂ[38;2;95;88;86;48;2;109;96;91mﬂ[38;2;108;98;96;48;2;109;98;94mﬂ[38;2;112;104;99;48;2;106;97;93mﬂ[38;2;117;113;112;48;2;119;117;119mﬂ[38;2;143;147;150;48;2;135;137;141mﬂ[38;2;131;134;139;48;2;129;130;134mﬂ[38;2;163;164;166;48;2;155;156;155mﬂ[38;2;209;209;207;48;2;203;204;200mﬂ[38;2;202;204;201;48;2;189;191;187mﬂ[38;2;200;202;199;48;2;178;178;172mﬂ[38;2;200;203;200;48;2;174;173;166mﬂ[38;2;199;201;199;48;2;168;166;158mﬂ[38;2;194;196;192;48;2;157;155;148mﬂ[38;2;187;187;183;48;2;137;136;131mﬂ[38;2;180;180;174;48;2;111;111;110mﬂ[38;2;177;176;169;48;2;89;89;90mﬂ[38;2;172;170;163;48;2;61;62;66mﬂ[38;2;161;160;155;48;2;44;45;51mﬂ[38;2;135;134;131;48;2;54;56;60mﬂ[38;2;106;105;105;48;2;38;39;45mﬂ[38;2;82;83;85;48;2;41;42;47mﬂ[38;2;64;66;71;48;2;43;44;49mﬂ[38;2;39;42;47;48;2;42;43;48mﬂ[38;2;50;54;60;48;2;41;43;48mﬂ[38;2;65;69;76;48;2;42;44;50mﬂ[38;2;42;45;52;48;2;60;63;70mﬂ[38;2;39;42;49;48;2;60;63;71mﬂ[38;2;41;44;51;48;2;55;58;65mﬂ[38;2;45;48;55;48;2;83;86;94mﬂ[38;2;56;60;68;48;2;82;86;95mﬂ[38;2;52;56;65;48;2;86;90;100mﬂ[38;2;60;63;72;48;2;95;99;108mﬂ[38;2;84;88;98;48;2;87;91;100mﬂ[38;2;79;83;95;48;2;79;83;94mﬂ[38;2;73;77;89;48;2;86;90;100mﬂ[38;2;83;87;99;48;2;86;90;99mﬂ[38;2;95;101;115;48;2;99;104;116mﬂ[38;2;110;118;132;48;2;110;117;128mﬂ[38;2;108;115;130;48;2;107;113;126mﬂ[38;2;108;114;129;48;2;106;111;124mﬂ[38;2;113;119;135;48;2;114;120;133mﬂ[38;2;123;130;146;48;2;120;128;142mﬂ[38;2;125;132;147;48;2;122;129;143mﬂ[38;2;128;134;148;48;2;121;128;141mﬂ[38;2;123;130;146;48;2;116;124;139mﬂ[38;2;169;177;188;48;2;169;177;188mﬂ[38;2;200;205;208;48;2;203;208;211mﬂ[48;2;202;207;210mﬂ[38;2;200;206;207;48;2;202;207;208mﬂ[38;2;204;210;210;48;2;204;210;210mﬂ[38;2;208;214;214;48;2;208;214;214mﬂ[38;2;212;218;218;48;2;211;217;217mﬂ[38;2;213;219;219;48;2;213;219;219mﬂﬂ[38;2;214;220;220;48;2;214;220;220mﬂ[38;2;213;219;219mﬂ[48;2;213;219;219mﬂ[38;2;211;217;217;48;2;210;216;216mﬂ[38;2;213;219;219;48;2;213;219;219mﬂ[0m[K
[38;2;198;177;71;48;2;195;173;69mﬂ[38;2;197;176;73;48;2;195;174;69mﬂ[38;2;195;176;71;48;2;195;174;68mﬂ[38;2;193;174;70;48;2;193;172;68mﬂ[38;2;177;160;75;48;2;178;159;67mﬂ[38;2;163;148;82;48;2;173;156;78mﬂ[38;2;113;112;104;48;2;108;106;102mﬂ[38;2;108;110;114;48;2;94;95;99mﬂ[38;2;109;110;114;48;2;104;103;108mﬂ[38;2;49;51;56;48;2;47;49;54mﬂ[38;2;50;50;53;48;2;42;44;48mﬂ[38;2;94;84;83;48;2;95;87;86mﬂ[38;2;104;92;87;48;2;108;95;91mﬂ[38;2;107;96;92;48;2;112;102;97mﬂ[38;2;123;123;125;48;2;131;133;133mﬂ[38;2;132;134;137;48;2;131;132;131mﬂ[38;2;131;132;133;48;2;133;133;132mﬂ[38;2;141;142;141;48;2;114;115;115mﬂ[38;2;143;143;139;48;2;92;93;92mﬂ[38;2;149;148;143;48;2;93;93;92mﬂ[38;2;122;120;117;48;2;52;53;57mﬂ[38;2;97;97;94;48;2;61;63;65mﬂ[38;2;67;68;69;48;2;57;58;62mﬂ[38;2;54;54;58;48;2;51;53;57mﬂ[38;2;49;49;54;48;2;49;50;55mﬂ[38;2;36;37;42;48;2;60;62;69mﬂ[38;2;51;52;55;48;2;56;57;61mﬂ[38;2;39;39;45;48;2;72;72;78mﬂ[38;2;38;38;44;48;2;71;71;78mﬂ[38;2;38;39;44;48;2;70;71;76mﬂ[38;2;51;53;58;48;2;76;79;84mﬂ[38;2;51;52;58;48;2;71;73;78mﬂ[38;2;51;51;57;48;2;78;79;84mﬂ[38;2;80;83;90;48;2;81;83;88mﬂ[38;2;76;79;86;48;2;81;83;89mﬂ[38;2;82;85;92;48;2;87;89;96mﬂ[38;2;89;92;99;48;2;75;77;83mﬂ[38;2;78;81;89;48;2;72;75;82mﬂ[38;2;86;89;96;48;2;80;83;90mﬂ[38;2;90;94;100;48;2;73;75;81mﬂ[38;2;78;81;89;48;2;65;68;75mﬂ[38;2;85;89;97;48;2;76;78;85mﬂ[38;2;91;94;102;48;2;75;77;84mﬂ[38;2;73;77;84;48;2;67;72;78mﬂ[38;2;77;81;90;48;2;76;80;89mﬂ[38;2;83;87;95;48;2;80;85;92mﬂ[38;2;84;88;96;48;2;82;87;93mﬂ[38;2;104;110;117;48;2;106;113;116mﬂ[38;2;109;116;119;48;2;109;115;116mﬂ[38;2;106;111;122;48;2;105;110;116mﬂ[38;2;104;108;119;48;2;103;107;116mﬂ[38;2;116;122;133;48;2;114;121;125mﬂ[38;2;118;125;136;48;2;119;126;134mﬂ[38;2;123;130;143;48;2;121;129;141mﬂ[38;2;119;126;139;48;2;117;125;138mﬂ[38;2;113;122;138;48;2;109;118;134mﬂ[38;2;171;179;190;48;2;172;180;191mﬂ[38;2;204;209;212;48;2;202;207;210mﬂ[38;2;201;207;209;48;2;199;205;205mﬂ[38;2;201;207;207mﬂ[38;2;204;210;210;48;2;202;208;208mﬂ[38;2;207;213;213;48;2;206;212;212mﬂ[38;2;210;216;216;48;2;210;216;216mﬂ[38;2;213;219;219;48;2;212;218;218mﬂ[38;2;212;218;218mﬂ[38;2;214;220;220;48;2;213;219;219mﬂ[48;2;214;220;220mﬂ[38;2;211;217;217;48;2;211;217;217mﬂ[38;2;209;215;215;48;2;209;215;215mﬂ[38;2;213;219;219;48;2;211;217;217mﬂ[0m[K
[38;2;194;173;67;48;2;194;173;66mﬂ[38;2;193;172;66;48;2;192;171;66mﬂ[48;2;192;171;65mﬂ[38;2;193;171;68;48;2;192;171;66mﬂ[38;2;187;165;65;48;2;186;164;63mﬂ[38;2;185;166;74;48;2;179;162;73mﬂ[38;2;119;119;115;48;2;116;116;114mﬂ[38;2;85;85;90;48;2;88;88;94mﬂ[38;2;104;103;108;48;2;103;102;107mﬂ[38;2;45;47;52;48;2;43;44;50mﬂ[38;2;41;43;48;48;2;40;41;46mﬂ[38;2;87;82;82;48;2;75;74;77mﬂ[38;2;105;94;90;48;2;94;86;84mﬂ[38;2;99;93;91;48;2;102;96;96mﬂ[38;2;83;85;86;48;2;104;107;111mﬂ[38;2;49;50;53;48;2;116;120;123mﬂ[38;2;50;51;54;48;2;123;124;128mﬂ[38;2;61;62;65;48;2;137;139;142mﬂ[38;2;81;83;88;48;2;135;139;142mﬂ[38;2;94;95;96;48;2;146;147;150mﬂ[38;2;118;121;126;48;2;132;134;138mﬂ[38;2;123;125;128;48;2;149;150;153mﬂ[38;2;119;121;126;48;2;104;105;108mﬂ[38;2;89;91;96;48;2;91;91;94mﬂ[38;2;88;89;93;48;2;90;90;93mﬂ[38;2;72;75;80;48;2;64;65;68mﬂ[38;2;82;83;87;48;2;71;71;73mﬂ[38;2;72;73;77;48;2;61;62;65mﬂ[38;2;70;71;76;48;2;63;63;67mﬂ[38;2;77;78;83;48;2;70;70;74mﬂ[38;2;66;67;72;48;2;53;54;58mﬂ[38;2;69;70;74;48;2;59;60;63mﬂ[38;2;74;75;79;48;2;62;63;66mﬂ[38;2;63;64;69;48;2;53;54;58mﬂ[38;2;72;73;78;48;2;59;60;64mﬂ[38;2;73;74;78;48;2;61;62;66mﬂ[38;2;58;59;65;48;2;52;53;58mﬂ[38;2;59;61;68;48;2;55;56;61mﬂ[38;2;66;67;73;48;2;58;58;63mﬂ[38;2;59;61;66;48;2;55;58;64mﬂ[38;2;57;60;67;48;2;55;58;65mﬂ[38;2;62;64;71;48;2;60;61;69mﬂ[38;2;66;67;73;48;2;65;67;72mﬂ[38;2;68;72;81;48;2;68;71;81mﬂ[38;2;78;82;91;48;2;83;88;97mﬂ[38;2;81;86;92;48;2;83;87;95mﬂ[38;2;80;85;92;48;2;68;72;81mﬂ[38;2;108;115;119;48;2;63;68;78mﬂ[38;2;110;116;121;48;2;84;90;99mﬂ[38;2;107;113;119;48;2;84;90;98mﬂ[38;2;104;109;117;48;2;62;66;76mﬂ[38;2;91;98;106;48;2;91;94;100mﬂ[38;2;100;107;117;48;2;93;95;101mﬂ[38;2;105;111;125;48;2;82;84;93mﬂ[38;2;91;97;111;48;2;84;87;97mﬂ[38;2;67;73;90;48;2;99;101;107mﬂ[38;2;132;137;144;48;2;158;162;163mﬂ[38;2;194;199;200;48;2;188;194;194mﬂ[38;2;195;201;201;48;2;191;197;197mﬂ[38;2;197;203;203;48;2;195;201;201mﬂ[38;2;201;207;207;48;2;199;205;205mﬂ[38;2;205;211;211;48;2;204;210;210mﬂ[38;2;209;215;215;48;2;208;214;214mﬂ[38;2;211;217;217;48;2;210;216;216mﬂ[48;2;211;217;217mﬂ[38;2;213;219;219;48;2;212;218;218mﬂﬂ[38;2;210;216;216;48;2;210;216;216mﬂ[38;2;209;215;215;48;2;209;215;215mﬂ[38;2;210;216;216mﬂ[0m[K
[38;2;193;172;64;48;2;193;172;63mﬂ[38;2;190;169;64;48;2;190;168;62mﬂ[38;2;191;170;64;48;2;190;167;63mﬂ[48;2;191;169;63mﬂ[38;2;187;165;62;48;2;188;166;61mﬂ[38;2;176;158;71;48;2;169;152;69mﬂ[38;2;110;111;110;48;2;77;78;80mﬂ[38;2;75;76;81;48;2;76;76;77mﬂ[38;2;85;86;90;48;2;91;90;91mﬂ[38;2;39;40;45;48;2;56;58;62mﬂ[38;2;39;41;46;48;2;46;47;51mﬂ[38;2;95;83;78;48;2;68;67;71mﬂ[38;2;105;91;83;48;2;78;73;72mﬂ[38;2;110;107;108;48;2;121;121;120mﬂ[38;2;133;133;137;48;2;133;133;133mﬂ[38;2;130;131;134;48;2;130;131;133mﬂ[38;2;138;139;139;48;2;137;138;138mﬂ[38;2;138;139;143;48;2;139;140;143mﬂ[38;2;143;145;146;48;2;146;147;148mﬂ[38;2;147;148;149;48;2;143;145;147mﬂ[38;2;131;132;134;48;2;132;133;135mﬂ[38;2;153;155;154;48;2;152;154;155mﬂ[38;2;95;96;97;48;2;92;93;94mﬂ[38;2;103;103;102;48;2;121;121;119mﬂ[38;2;92;93;94;48;2;87;89;93mﬂ[38;2;58;58;60;48;2;63;63;65mﬂ[38;2;74;74;75;48;2;89;90;93mﬂ[38;2;52;53;56;48;2;46;47;51mﬂ[38;2;56;56;59;48;2;56;56;58mﬂ[38;2;61;60;64;48;2;59;59;62mﬂ[38;2;47;48;52;48;2;44;45;49mﬂ[38;2;54;55;57;48;2;54;55;57mﬂ[38;2;58;59;62;48;2;50;51;55mﬂ[38;2;48;49;53;48;2;45;46;50mﬂ[38;2;54;55;59;48;2;52;53;56mﬂ[38;2;58;59;63;48;2;44;45;49mﬂ[38;2;49;50;55;48;2;81;81;80mﬂ[38;2;53;54;58;48;2;66;66;67mﬂ[38;2;56;57;62;48;2;56;57;59mﬂ[38;2;49;52;58;48;2;113;111;107mﬂ[38;2;51;53;60;48;2;135;130;124mﬂ[38;2;60;62;68;48;2;98;96;94mﬂ[38;2;52;55;61;48;2;116;114;110mﬂ[38;2;80;81;84;48;2;145;140;133mﬂ[38;2;71;72;77;48;2;138;136;130mﬂ[38;2;57;60;67;48;2;120;119;117mﬂ[38;2;76;78;82;48;2;109;109;107mﬂ[38;2;129;127;125;48;2;93;93;95mﬂ[38;2;109;108;109;48;2;79;80;84mﬂ[38;2;94;96;98;48;2;68;70;77mﬂ[38;2;116;116;116;48;2;57;59;68mﬂ[38;2;131;131;128;48;2;47;51;61mﬂ[38;2;119;120;119;48;2;46;50;62mﬂ[38;2;105;107;109;48;2;48;53;65mﬂ[38;2;89;91;98;48;2;60;64;77mﬂ[38;2;77;80;89;48;2;48;54;67mﬂ[38;2;167;172;173;48;2;167;173;174mﬂ[38;2;185;191;191;48;2;182;188;188mﬂ[38;2;188;194;194;48;2;186;192;192mﬂ[38;2;192;198;198;48;2;192;198;198mﬂ[38;2;198;204;204;48;2;196;202;202mﬂ[38;2;202;208;208;48;2;201;207;207mﬂ[38;2;206;212;212;48;2;205;211;211mﬂ[38;2;209;215;215;48;2;209;214;215mﬂ[38;2;210;216;216;48;2;210;216;216mﬂ[38;2;211;217;217;48;2;211;217;217mﬂ[38;2;212;218;218mﬂ[38;2;209;215;215;48;2;209;215;215mﬂ[38;2;208;214;214;48;2;207;213;213mﬂ[38;2;207;213;213mﬂ[0m[K
[38;2;192;170;60;48;2;192;170;59mﬂ[38;2;190;168;61;48;2;189;167;60mﬂ[38;2;190;167;60;48;2;189;167;58mﬂ[48;2;189;167;59mﬂ[38;2;188;166;61;48;2;189;166;59mﬂ[38;2;165;147;67;48;2;147;132;61mﬂ[38;2;91;92;94;48;2;82;81;85mﬂ[38;2;131;125;113;48;2;59;60;59mﬂ[38;2;149;141;122;48;2;71;70;66mﬂ[38;2;80;77;73;48;2;106;98;84mﬂ[38;2;66;63;64;48;2;65;61;58mﬂ[38;2;76;69;68;48;2;84;78;75mﬂ[38;2;90;83;83;48;2;91;88;89mﬂ[38;2;125;126;122;48;2;127;128;121mﬂ[38;2;135;137;133;48;2;110;111;106mﬂ[38;2;124;126;122;48;2;124;125;119mﬂ[38;2;141;141;139;48;2;96;98;95mﬂ[38;2;128;130;128;48;2;89;90;88mﬂ[38;2;144;146;146;48;2;91;92;94mﬂ[38;2;136;138;141;48;2;63;64;64mﬂ[38;2;136;138;139;48;2;92;93;94mﬂ[38;2;127;130;133;48;2;55;55;56mﬂ[38;2;99;100;101;48;2;100;99;94mﬂ[38;2;119;121;121;48;2;71;71;70mﬂ[38;2;56;57;61;48;2;107;106;99mﬂ[38;2;65;66;70;48;2;116;115;107mﬂ[38;2;60;61;65;48;2;102;100;95mﬂ[38;2;60;60;62;48;2;142;138;128mﬂ[38;2;55;55;57;48;2;130;127;118mﬂ[38;2;50;51;51;48;2;121;118;110mﬂ[38;2;105;104;98;48;2;113;109;102mﬂ[38;2;74;73;72;48;2;100;98;91mﬂ[38;2;82;81;78;48;2;87;84;81mﬂ[38;2;138;135;125;48;2;79;76;72mﬂ[38;2;106;105;98;48;2;77;72;66mﬂ[38;2;111;109;102;48;2;79;71;61mﬂ[38;2;134;129;119;48;2;86;75;60mﬂ[38;2;128;124;115;48;2;93;81;60mﬂ[38;2;117;114;107;48;2;101;85;63mﬂ[38;2;102;101;95;48;2;42;42;45mﬂ[38;2;89;88;85;48;2;29;32;37mﬂ[38;2;76;76;77;48;2;32;35;40mﬂ[38;2;62;63;66;48;2;37;38;43mﬂ[38;2;49;51;56;48;2;39;40;45mﬂ[38;2;38;41;47;48;2;42;43;48mﬂ[38;2;37;40;47;48;2;45;47;50mﬂ[38;2;39;42;50;48;2;52;54;58mﬂ[38;2;41;45;51;48;2;62;64;67mﬂ[38;2;43;47;54;48;2;70;71;75mﬂ[38;2;45;48;57;48;2;78;80;81mﬂ[38;2;46;50;59;48;2;93;94;95mﬂ[38;2;48;52;61;48;2;108;110;112mﬂ[38;2;49;53;63;48;2;95;96;98mﬂ[38;2;50;54;65;48;2;104;103;106mﬂ[38;2;77;81;91;48;2;116;117;119mﬂ[38;2;54;58;69;48;2;84;86;93mﬂ[38;2;165;171;173;48;2;133;138;144mﬂ[38;2;182;188;188;48;2;183;188;189mﬂ[38;2;186;192;192;48;2;186;190;191mﬂ[38;2;191;197;197;48;2;190;194;195mﬂ[38;2;195;201;201;48;2;194;200;200mﬂ[38;2;201;206;207;48;2;200;204;205mﬂ[38;2;205;209;210;48;2;203;207;208mﬂ[38;2;208;213;213;48;2;208;212;213mﬂ[38;2;209;215;215;48;2;209;214;214mﬂ[38;2;210;216;216;48;2;209;215;215mﬂ[38;2;211;217;217;48;2;210;216;216mﬂ[38;2;209;215;215;48;2;209;215;215mﬂ[38;2;206;212;212;48;2;204;210;210mﬂﬂ[0m[K
[38;2;190;168;59;48;2;188;166;60mﬂ[38;2;188;165;60;48;2;186;163;60mﬂ[38;2;187;165;57;48;2;187;164;58mﬂ[38;2;188;165;58;48;2;183;161;59mﬂ[38;2;186;163;58;48;2;175;153;57mﬂ[38;2;134;120;53;48;2;118;106;58mﬂ[38;2;72;73;76;48;2;58;59;63mﬂ[38;2;34;37;42;48;2;73;74;76mﬂ[38;2;44;46;50;48;2;47;48;51mﬂ[38;2;36;37;40;48;2;26;28;32mﬂ[38;2;46;46;50;48;2;42;43;47mﬂ[38;2;82;71;65;48;2;64;61;64mﬂ[38;2;95;82;76;48;2;113;110;107mﬂ[38;2;98;94;90;48;2;200;200;193mﬂ[38;2;68;65;64;48;2;69;67;63mﬂ[38;2;57;55;56;48;2;51;49;51mﬂ[38;2;36;37;39;48;2;35;35;39mﬂ[38;2;77;76;76;48;2;34;34;39mﬂ[38;2;72;71;70;48;2;35;36;38mﬂ[38;2;117;116;109;48;2;29;30;33mﬂ[38;2;121;118;112;48;2;35;36;35mﬂ[38;2;112;110;103;48;2;75;73;59mﬂ[38;2;102;101;94;48;2;148;147;114mﬂ[38;2;92;91;84;48;2;140;137;104mﬂ[38;2;87;86;79;48;2;136;132;100mﬂ[38;2;82;82;74;48;2;132;127;97mﬂ[38;2;67;62;56;48;2;88;71;49mﬂ[38;2;61;55;48;48;2;96;75;50mﬂ[38;2;51;44;40;48;2;86;68;47mﬂ[38;2;60;53;46;48;2;137;132;105mﬂ[38;2;76;68;56;48;2;142;140;114mﬂ[38;2;92;83;67;48;2;149;148;121mﬂ[38;2;115;106;84;48;2;159;156;131mﬂ[38;2;139;130;103;48;2;145;144;120mﬂ[38;2;155;146;114;48;2;150;148;124mﬂ[38;2;170;164;132;48;2;160;159;137mﬂ[38;2;180;177;142;48;2;153;152;132mﬂ[38;2;192;189;153;48;2;155;154;131mﬂ[38;2;152;127;78;48;2;139;126;98mﬂ[38;2;62;59;53;48;2;131;127;118mﬂ[38;2;53;54;55;48;2;160;157;148mﬂ[38;2;80;81;77;48;2;102;103;98mﬂ[38;2;92;92;87;48;2;119;122;116mﬂ[38;2;114;114;106;48;2;151;152;145mﬂ[38;2;109;109;102;48;2;146;147;141mﬂ[38;2;117;118;111;48;2;126;129;123mﬂ[38;2;114;115;109;48;2;147;149;145mﬂ[38;2;142;141;136;48;2;170;170;165mﬂ[38;2;107;106;103;48;2;140;139;134mﬂ[38;2;109;108;105;48;2;136;136;131mﬂ[38;2;137;136;131;48;2;170;170;165mﬂ[38;2;164;164;159;48;2;176;177;172mﬂ[38;2;111;110;108;48;2;116;115;113mﬂ[38;2;111;111;109;48;2;110;110;108mﬂ[38;2;108;108;106;48;2;108;108;106mﬂ[38;2;93;93;94;48;2;95;97;97mﬂ[38;2;164;168;169;48;2;160;164;166mﬂ[38;2;184;188;189;48;2;184;188;188mﬂ[38;2;186;190;191;48;2;186;190;191mﬂ[38;2;190;194;195;48;2;190;194;195mﬂ[38;2;193;198;199;48;2;194;198;199mﬂ[38;2;199;204;204;48;2;198;203;204mﬂ[38;2;202;206;207;48;2;202;206;207mﬂ[38;2;207;211;212;48;2;206;210;211mﬂ[38;2;208;212;213;48;2;208;212;213mﬂ[38;2;209;215;215;48;2;209;214;214mﬂ[38;2;210;216;216;48;2;210;216;216mﬂﬂ[38;2;203;208;208;48;2;203;207;208mﬂ[38;2;205;210;211;48;2;205;210;210mﬂ[0m[K
[38;2;170;158;93;48;2;112;102;92mﬂ[38;2;178;161;83;48;2;108;96;82mﬂ[38;2;180;159;62;48;2;76;66;53mﬂ[38;2;178;156;62;48;2;56;52;36mﬂ[38;2;172;149;57;48;2;75;70;41mﬂ[38;2;100;93;59;48;2;59;60;56mﬂ[38;2;54;56;60;48;2;49;50;54mﬂ[38;2;115;114;112;48;2;110;109;107mﬂ[38;2;125;124;122;48;2;72;72;75mﬂ[38;2;46;50;53;48;2;31;33;38mﬂ[38;2;38;39;43;48;2;41;41;43mﬂ[38;2;67;61;62;48;2;69;63;63mﬂ[38;2;121;115;111;48;2;107;106;103mﬂ[38;2;202;201;194;48;2;189;188;180mﬂ[38;2;81;79;71;48;2;75;72;65mﬂ[38;2;44;43;44;48;2;43;42;44mﬂ[38;2;35;36;40;48;2;33;34;38mﬂ[38;2;33;34;38;48;2;35;35;40mﬂ[38;2;62;60;60;48;2;123;120;111mﬂ[38;2;52;53;53;48;2;109;108;102mﬂ[38;2;66;65;60;48;2;108;107;101mﬂ[38;2;110;107;90;48;2;162;161;146mﬂ[38;2;158;155;127;48;2;172;172;147mﬂ[38;2;147;144;119;48;2;175;173;157mﬂ[38;2;135;131;104;48;2;176;175;160mﬂ[38;2;131;126;100;48;2;163;161;142mﬂ[38;2;131;123;106;48;2;171;168;157mﬂ[38;2;104;92;75;48;2;157;151;137mﬂ[38;2;101;88;71;48;2;151;144;130mﬂ[38;2;146;143;125;48;2;171;167;157mﬂ[38;2;146;144;123;48;2;169;166;153mﬂ[38;2;142;140;114;48;2;169;167;153mﬂ[38;2;166;163;145;48;2;186;183;174mﬂ[38;2;171;169;144;48;2;171;168;158mﬂ[38;2;178;177;145;48;2;166;163;151mﬂ[38;2;176;173;151;48;2;175;172;162mﬂ[38;2;170;168;147;48;2;174;172;161mﬂ[38;2;182;181;151;48;2;189;188;177mﬂ[38;2;174;169;150;48;2;187;186;179mﬂ[38;2;176;173;165;48;2;171;169;160mﬂ[38;2;169;167;157;48;2;174;173;165mﬂ[38;2;162;162;157;48;2;201;201;197mﬂ[38;2;145;147;141;48;2;189;191;189mﬂ[38;2;168;167;162;48;2;166;166;161mﬂ[38;2;178;178;173;48;2;172;172;167mﬂ[38;2;180;181;175;48;2;176;178;172mﬂ[38;2;180;182;178;48;2;193;195;193mﬂ[38;2;185;186;183;48;2;195;197;196mﬂ[38;2;176;177;174;48;2;202;206;209mﬂ[38;2;160;160;155;48;2;185;187;184mﬂ[38;2;190;191;187;48;2;204;206;205mﬂ[38;2;194;197;197;48;2;205;209;212mﬂ[38;2;121;120;118;48;2;128;128;125mﬂ[38;2;109;109;106;48;2;113;112;108mﬂ[38;2;107;107;105mﬂ[38;2;97;97;97;48;2;103;102;100mﬂ[38;2;156;160;161;48;2;156;160;160mﬂ[38;2;186;190;189;48;2;186;190;189mﬂ[38;2;187;191;191;48;2;188;192;191mﬂ[38;2;190;194;195;48;2;190;194;194mﬂ[38;2;194;198;199;48;2;194;198;198mﬂ[38;2;198;202;203;48;2;198;202;202mﬂ[38;2;200;204;204;48;2;200;204;204mﬂ[38;2;204;208;209;48;2;204;208;209mﬂ[38;2;206;210;211;48;2;207;211;212mﬂ[38;2;208;213;214;48;2;208;213;213mﬂ[38;2;209;215;215;48;2;210;216;214mﬂ[38;2;208;214;214;48;2;210;215;214mﬂ[38;2;202;206;207;48;2;203;207;206mﬂ[38;2;206;210;211;48;2;206;210;211mﬂ[0m[K
[38;2;110;92;71;48;2;99;87;68mﬂ[38;2;127;111;86;48;2;146;141;111mﬂ[38;2;101;95;79;48;2;114;113;97mﬂ[38;2;53;52;49;48;2;113;115;113mﬂ[38;2;173;169;152;48;2;175;172;155mﬂ[38;2;172;168;151;48;2;176;172;152mﬂ[38;2;64;62;62;48;2;68;66;66mﬂ[38;2;73;72;73;48;2;35;37;42mﬂ[38;2;72;74;78;48;2;90;94;99mﬂ[38;2;71;72;76;48;2;52;54;59mﬂ[38;2;40;40;44;48;2;44;43;45mﬂ[38;2;70;64;65;48;2;75;68;67mﬂ[38;2;90;83;80;48;2;63;58;60mﬂ[38;2;116;111;105;48;2;68;62;64mﬂ[38;2;62;60;58;48;2;48;46;48mﬂ[38;2;38;38;41;48;2;37;38;42mﬂ[38;2;36;37;41;48;2;35;35;38mﬂ[38;2;37;37;41;48;2;42;41;42mﬂ[38;2;119;117;112;48;2;130;130;126mﬂ[38;2;189;188;182;48;2;191;192;186mﬂ[38;2;201;202;196;48;2;193;193;186mﬂ[38;2;205;205;201;48;2;186;180;172mﬂ[38;2;199;200;195;48;2;172;171;165mﬂ[38;2;185;184;178;48;2;198;197;193mﬂ[38;2;199;199;193;48;2;180;178;171mﬂ[38;2;201;202;196;48;2;183;180;172mﬂ[38;2;188;187;179;48;2;192;186;178mﬂ[38;2;195;195;189;48;2;208;209;204mﬂ[38;2;191;190;181;48;2;192;192;184mﬂ[38;2;179;177;168;48;2;179;177;167mﬂ[38;2;184;181;173;48;2;191;190;182mﬂ[38;2;197;197;190;48;2;209;204;192mﬂ[38;2;201;199;193;48;2;205;198;187mﬂ[38;2;194;193;186;48;2;184;179;169mﬂ[38;2;186;185;178;48;2;189;189;182mﬂ[38;2;196;195;188;48;2;196;196;190mﬂ[38;2;186;184;176;48;2;181;179;170mﬂ[38;2;171;170;164;48;2;140;134;126mﬂ[38;2;195;195;191;48;2;157;154;149mﬂ[38;2;165;161;150;48;2;166;162;153mﬂ[38;2;168;162;151;48;2;146;136;123mﬂ[38;2;171;167;158;48;2;151;140;129mﬂ[38;2;189;191;190;48;2;194;195;195mﬂ[38;2;170;170;165;48;2;179;180;176mﬂ[38;2;176;175;170;48;2;187;187;182mﬂ[38;2;194;196;191;48;2;211;213;211mﬂ[38;2;210;212;212;48;2;216;219;219mﬂ[38;2;203;206;207;48;2;209;213;214mﬂ[38;2;213;217;220;48;2;217;221;223mﬂ[38;2;203;207;208;48;2;218;223;228mﬂ[38;2;213;217;218;48;2;220;225;227mﬂ[38;2;211;215;221;48;2;209;216;223mﬂ[38;2;134;134;132;48;2;141;142;140mﬂ[38;2;118;116;111;48;2;121;118;112mﬂ[38;2;120;117;111;48;2;124;120;114mﬂ[38;2;109;108;104;48;2;114;112;107mﬂ[38;2;153;156;157;48;2;150;153;154mﬂ[38;2;187;191;190;48;2;189;193;192mﬂ[38;2;188;192;191;48;2;191;195;194mﬂ[38;2;191;195;194;48;2;193;197;196mﬂ[38;2;194;198;197;48;2;196;200;199mﬂ[38;2;198;202;202;48;2;199;203;202mﬂ[38;2;200;204;204;48;2;202;206;205mﬂ[38;2;204;208;208;48;2;204;208;207mﬂ[38;2;207;211;211;48;2;207;211;210mﬂ[38;2;208;212;211;48;2;209;213;212mﬂ[38;2;209;214;213;48;2;209;213;213mﬂ[38;2;210;214;213mﬂ[38;2;202;206;205;48;2;201;205;204mﬂ[38;2;206;210;210;48;2;205;209;209mﬂ[0m[K
[38;2;43;40;37;48;2;50;48;46mﬂ[38;2;55;53;46;48;2;48;47;44mﬂ[38;2;72;70;66;48;2;82;78;68mﬂ[38;2;60;63;68;48;2;125;117;96mﬂ[38;2;176;172;154;48;2;176;170;148mﬂ[38;2;173;168;149;48;2;163;158;139mﬂ[38;2;53;52;53;48;2;58;58;59mﬂ[38;2;29;31;35;48;2;27;30;34mﬂ[38;2;64;66;70;48;2;35;37;41mﬂ[38;2;32;33;38;48;2;27;28;32mﬂ[38;2;44;43;45;48;2;41;40;44mﬂ[38;2;66;59;60;48;2;63;59;62mﬂ[38;2;66;60;61;48;2;72;66;65mﬂ[38;2;68;64;66;48;2;80;73;72mﬂ[38;2;58;56;56;48;2;56;54;54mﬂ[38;2;40;39;41;48;2;43;43;45mﬂ[38;2;39;38;40;48;2;37;37;39mﬂ[38;2;39;38;39;48;2;40;40;40mﬂ[38;2;141;141;136;48;2;143;143;139mﬂ[38;2;200;201;196;48;2;205;206;201mﬂ[38;2;201;201;194;48;2;209;210;204mﬂ[38;2;187;183;175;48;2;201;200;195mﬂ[38;2;176;175;169;48;2;191;192;186mﬂ[38;2;206;206;200;48;2;206;205;201mﬂ[38;2;190;189;182;48;2;201;202;196mﬂ[38;2;187;183;173;48;2;206;206;200mﬂ[38;2;193;189;181;48;2;204;204;198mﬂ[38;2;211;212;207;48;2;200;200;194mﬂ[38;2;174;174;166;48;2;186;186;178mﬂ[38;2;192;191;183;48;2;206;206;201mﬂ[38;2;188;187;177;48;2;183;181;174mﬂ[38;2;206;199;188;48;2;189;182;170mﬂ[38;2;200;192;179;48;2;202;195;183mﬂ[38;2;194;188;178;48;2;163;158;147mﬂ[38;2;167;164;157;48;2;151;149;144mﬂ[38;2;195;196;191;48;2;193;194;189mﬂ[38;2;183;181;172;48;2;189;188;182mﬂ[38;2;143;137;127;48;2;186;183;176mﬂ[38;2;152;144;133;48;2;128;123;115mﬂ[38;2;156;149;140;48;2;156;148;140mﬂ[38;2;174;163;152;48;2;177;170;163mﬂ[38;2;174;166;155;48;2;156;148;137mﬂ[38;2;200;201;202;48;2;200;202;202mﬂ[38;2;187;189;188;48;2;192;194;194mﬂ[38;2;196;198;195;48;2;204;206;205mﬂ[38;2;219;221;219;48;2;224;226;225mﬂ[38;2;217;220;221;48;2;215;217;218mﬂ[38;2;214;218;221;48;2;219;223;226mﬂ[38;2;219;223;225;48;2;223;227;228mﬂ[38;2;225;230;236;48;2;225;229;232mﬂ[38;2;226;231;235;48;2;212;216;222mﬂ[38;2;208;215;224;48;2;205;212;220mﬂ[38;2;149;150;148;48;2;159;159;158mﬂ[38;2;122;119;112;48;2;124;120;112mﬂ[38;2;126;123;115;48;2;129;125;116mﬂ[38;2;117;114;108;48;2;121;118;110mﬂ[38;2;139;142;143;48;2;148;150;150mﬂ[38;2;175;179;178;48;2;192;197;195mﬂ[38;2;176;180;180;48;2;194;198;197mﬂ[38;2;178;182;182;48;2;196;200;199mﬂ[38;2;180;184;185;48;2;199;203;202mﬂ[38;2;184;188;188;48;2;202;206;205mﬂ[38;2;185;189;189mﬂ[38;2;187;191;191;48;2;204;208;207mﬂ[38;2;189;193;193;48;2;207;211;210mﬂ[38;2;189;193;194mﬂ[38;2;188;192;192;48;2;208;212;211mﬂ[38;2;187;191;192;48;2;209;213;212mﬂ[38;2;182;186;187;48;2;203;207;206mﬂ[38;2;185;189;189;48;2;204;208;207mﬂ[0m[K
[38;2;59;57;52;48;2;80;79;70mﬂ[38;2;80;78;70;48;2;95;92;77mﬂ[38;2;97;92;80;48;2;81;77;69mﬂ[38;2;140;132;105;48;2;67;63;56mﬂ[38;2;164;157;134;48;2;56;53;47mﬂ[38;2;135;131;116;48;2;48;47;43mﬂ[38;2;64;65;66;48;2;47;47;48mﬂ[38;2;30;32;37;48;2;34;36;40mﬂ[38;2;25;28;33;48;2;26;28;33mﬂ[38;2;23;24;28;48;2;23;24;28mﬂ[38;2;41;40;44;48;2;41;39;41mﬂ[38;2;71;64;63;48;2;73;65;63mﬂ[38;2;72;65;64;48;2;68;60;59mﬂ[38;2;68;64;66;48;2;70;64;64mﬂ[38;2;69;65;64;48;2;69;64;64mﬂ[38;2;52;50;53;48;2;65;61;63mﬂ[38;2;39;39;41;48;2;40;40;41mﬂ[38;2;36;36;38;48;2;40;38;38mﬂ[38;2;144;145;142;48;2;147;147;144mﬂ[38;2;199;199;194;48;2;194;195;190mﬂ[38;2;205;204;199;48;2;201;199;191mﬂ[38;2;209;209;207;48;2;219;221;218mﬂ[38;2;205;204;199;48;2;219;219;214mﬂ[38;2;175;175;170;48;2;205;206;203mﬂ[38;2;199;199;194;48;2;204;206;203mﬂ[38;2;212;213;208;48;2;214;215;211mﬂ[38;2;205;205;199;48;2;183;181;173mﬂ[38;2;174;168;157;48;2;190;186;176mﬂ[38;2;214;215;211;48;2;225;226;222mﬂ[38;2;204;205;201;48;2;203;204;201mﬂ[38;2;191;192;186;48;2;195;196;191mﬂ[38;2;195;191;180;48;2;211;210;204mﬂ[38;2;192;187;177;48;2;194;191;183mﬂ[38;2;168;165;156;48;2;203;203;198mﬂ[38;2;193;193;188;48;2;204;205;202mﬂ[38;2;197;197;193;48;2;203;204;201mﬂ[38;2;191;191;185;48;2;198;199;194mﬂ[38;2;191;188;181;48;2;216;218;213mﬂ[38;2;162;158;151;48;2;214;216;214mﬂ[38;2;157;152;146;48;2;188;187;182mﬂ[38;2;165;162;156;48;2;212;215;218mﬂ[38;2;159;152;141;48;2;180;179;176mﬂ[38;2;200;202;199;48;2;199;199;197mﬂ[38;2;196;198;197;48;2;199;201;200mﬂ[38;2;207;209;208;48;2;204;206;205mﬂ[38;2;225;227;226;48;2;218;220;219mﬂ[38;2;218;220;221;48;2;220;222;223mﬂ[38;2;219;223;224mﬂ[38;2;220;224;225;48;2;217;220;221mﬂ[38;2;206;210;213;48;2;201;202;205mﬂ[38;2;202;207;212;48;2;198;202;207mﬂ[38;2;208;213;221;48;2;206;210;218mﬂ[38;2;164;165;164;48;2;167;168;168mﬂ[38;2;124;120;113;48;2;123;119;111mﬂ[38;2;129;125;116;48;2;127;123;114mﬂ[38;2;122;119;111;48;2;120;117;109mﬂ[38;2;144;146;146;48;2;144;147;146mﬂ[38;2;195;199;198;48;2;197;201;200mﬂ[38;2;196;200;199;48;2;198;202;201mﬂ[38;2;198;202;201;48;2;199;203;202mﬂ[38;2;201;205;204;48;2;202;206;205mﬂ[38;2;202;206;205;48;2;203;207;206mﬂ[38;2;203;207;206mﬂ[38;2;205;209;208;48;2;204;208;207mﬂ[38;2;207;211;210;48;2;207;211;210mﬂ[38;2;208;212;211;48;2;208;212;211mﬂ[38;2;209;213;212mﬂﬂ[38;2;202;206;205;48;2;203;207;206mﬂ[38;2;204;208;207;48;2;205;209;208mﬂ[0m[K
[38;2;86;85;75;48;2;34;33;33mﬂ[38;2;91;88;74;48;2;104;100;85mﬂ[38;2;107;103;92;48;2;83;84;86mﬂ[38;2;107;104;94;48;2;73;74;76mﬂ[38;2;145;142;129;48;2;185;180;160mﬂ[38;2;139;135;123;48;2;165;160;141mﬂ[38;2;54;53;54;48;2;54;54;53mﬂ[38;2;35;37;41;48;2;40;44;47mﬂ[38;2;28;32;35;48;2;21;24;28mﬂ[38;2;26;27;31;48;2;21;22;26mﬂ[38;2;39;38;41;48;2;34;35;39mﬂ[38;2;73;66;64;48;2;61;57;59mﬂ[38;2;79;71;70;48;2;76;69;68mﬂ[38;2;72;65;64;48;2;70;63;62mﬂ[38;2;74;69;69;48;2;71;67;67mﬂ[38;2;69;65;66;48;2;64;61;64mﬂ[38;2;40;39;40;48;2;39;38;39mﬂ[38;2;38;36;36;48;2;37;36;36mﬂ[38;2;144;144;142;48;2;33;33;34mﬂ[38;2;207;208;205;48;2;36;37;39mﬂ[38;2;216;217;212;48;2;59;60;55mﬂ[38;2;228;231;228;48;2;101;99;79mﬂ[38;2;232;234;231;48;2;103;105;89mﬂ[38;2;201;203;201;48;2;52;54;50mﬂ[38;2;212;215;212;48;2;58;60;57mﬂ[38;2;223;225;222;48;2;69;71;68mﬂ[38;2;224;226;223;48;2;72;74;72mﬂ[38;2;233;233;230;48;2;76;78;77mﬂ[38;2;227;229;225;48;2;69;70;67mﬂ[38;2;207;207;205;48;2;84;82;62mﬂ[38;2;204;205;200;48;2;86;85;71mﬂ[38;2;218;218;214;48;2;93;92;77mﬂ[38;2;212;213;208;48;2;73;74;68mﬂ[38;2;215;216;212;48;2;74;75;71mﬂ[38;2;211;212;209;48;2;41;44;48mﬂ[38;2;198;200;198;48;2;33;38;41mﬂ[38;2;200;202;198;48;2;34;39;43mﬂ[38;2;220;221;218;48;2;42;46;50mﬂ[38;2;216;217;216;48;2;51;53;54mﬂ[38;2;194;195;190;48;2;40;41;40mﬂ[38;2;216;220;223;48;2;36;37;36mﬂ[38;2;201;201;201;48;2;128;132;119mﬂ[38;2;204;204;202;48;2;138;143;129mﬂ[38;2;197;198;197;48;2;139;144;129mﬂ[38;2;193;195;193;48;2;137;144;129mﬂ[38;2;206;208;206;48;2;137;142;127mﬂ[38;2;205;207;204;48;2;136;140;125mﬂ[38;2;197;196;194;48;2;124;121;108mﬂ[38;2;184;184;181;48;2;121;117;105mﬂ[38;2;173;174;171;48;2;119;115;104mﬂ[38;2;169;171;169;48;2;119;115;105mﬂ[38;2;169;171;170;48;2;119;116;106mﬂ[38;2;145;145;140;48;2;118;115;106mﬂ[38;2;120;117;108;48;2;119;116;107mﬂ[38;2;122;119;110;48;2;118;115;107mﬂ[38;2;116;113;107;48;2;113;110;104mﬂ[38;2;142;144;142;48;2;139;141;139mﬂ[38;2;198;202;201;48;2;200;204;203mﬂ[38;2;199;203;202mﬂ[38;2;200;204;203mﬂ[38;2;202;206;205;48;2;202;206;205mﬂ[38;2;203;207;206;48;2;203;207;206mﬂ[48;2;204;208;207mﬂ[38;2;205;209;208;48;2;205;209;208mﬂ[38;2;207;211;210;48;2;207;211;210mﬂ[38;2;208;212;211;48;2;208;212;211mﬂﬂﬂ[38;2;202;206;205;48;2;201;205;204mﬂ[38;2;206;210;209;48;2;206;210;209mﬂ[0m[K
[38;2;91;90;81;48;2;117;117;105mﬂ[38;2;96;93;78;48;2;97;96;79mﬂ[38;2;102;105;108;48;2;67;68;68mﬂ[38;2;85;88;91;48;2;67;69;68mﬂ[38;2;186;181;161;48;2;184;179;158mﬂ[38;2;175;170;149;48;2;175;170;150mﬂ[38;2;57;56;55;48;2;52;51;50mﬂ[38;2;39;42;46;48;2;44;47;52mﬂ[38;2;21;24;29;48;2;21;25;28mﬂ[38;2;20;21;25;48;2;21;22;26mﬂ[38;2;37;36;40;48;2;40;38;40mﬂ[38;2;61;55;56;48;2;72;59;57mﬂ[38;2;73;63;61;48;2;96;88;81mﬂ[38;2;68;59;58;48;2;69;62;61mﬂ[38;2;67;62;61;48;2;73;66;64mﬂ[38;2;66;64;66;48;2;67;62;61mﬂ[38;2;39;38;40;48;2;39;37;38mﬂ[38;2;35;34;35;48;2;33;32;33mﬂ[38;2;29;30;31;48;2;28;28;29mﬂ[38;2;22;23;27;48;2;20;21;26mﬂ[38;2;50;51;46;48;2;48;48;44mﬂ[38;2;92;91;71;48;2;87;86;69mﬂ[38;2;88;89;75;48;2;73;74;64mﬂ[38;2;47;48;44;48;2;48;48;45mﬂ[38;2;38;40;37;48;2;42;44;42mﬂ[38;2;42;44;43;48;2;43;45;44mﬂ[38;2;39;41;40;48;2;46;48;47mﬂ[38;2;51;53;52;48;2;52;54;53mﬂ[38;2;44;45;43;48;2;42;43;40mﬂ[38;2;83;80;55;48;2;83;79;55mﬂ[38;2;78;75;53;48;2;75;74;60mﬂ[38;2;67;68;58;48;2;62;65;65mﬂ[38;2;60;64;66;48;2;62;66;68mﬂ[38;2;73;77;73;48;2;69;73;70mﬂ[38;2;30;33;38;48;2;29;33;39mﬂ[38;2;25;29;33;48;2;24;27;32mﬂ[38;2;24;29;34;48;2;25;28;33mﬂ[38;2;24;29;35;48;2;23;27;32mﬂ[38;2;28;33;39;48;2;29;34;40mﬂ[38;2;40;41;41;48;2;43;43;44mﬂ[38;2;31;32;36;48;2;34;34;36mﬂ[38;2;30;33;37;48;2;81;78;63mﬂ[38;2;34;38;41;48;2;63;62;55mﬂ[38;2;38;41;43;48;2;46;47;47mﬂ[38;2;36;40;43;48;2;31;34;40mﬂ[38;2;32;36;41;48;2;28;31;36mﬂ[38;2;39;42;47;48;2;29;33;38mﬂ[38;2;111;108;97;48;2;109;106;95mﬂ[38;2;128;122;108;48;2;129;123;108mﬂ[38;2;123;118;107;48;2;122;117;106mﬂ[38;2;122;119;107;48;2;121;117;106mﬂ[38;2;122;120;109;48;2;121;117;107mﬂ[38;2;121;118;109;48;2;117;114;105mﬂ[38;2;118;115;107;48;2;115;112;104mﬂ[38;2;116;113;106;48;2;113;110;103mﬂ[38;2;111;108;102;48;2;109;106;100mﬂ[38;2;137;139;137;48;2;132;134;133mﬂ[38;2;201;205;204;48;2;201;205;204mﬂﬂ[48;2;202;206;205mﬂ[38;2;202;206;205;48;2;203;207;206mﬂ[38;2;203;207;206;48;2;204;208;207mﬂ[38;2;205;209;208;48;2;205;209;208mﬂﬂ[38;2;207;211;210;48;2;207;211;210mﬂﬂ[38;2;208;212;211mﬂ[48;2;208;212;211mﬂ[38;2;201;205;204;48;2;203;207;206mﬂ[38;2;204;208;207;48;2;204;208;207mﬂ[0m[K
[38;2;82;80;68;48;2;116;117;102mﬂ[38;2;68;66;56;48;2;82;83;73mﬂ[38;2;142;136;115;48;2;170;159;132mﬂ[38;2;147;141;121;48;2;172;162;132mﬂ[38;2;180;175;154;48;2;176;170;149mﬂ[38;2;175;170;148;48;2;174;169;148mﬂ[38;2;50;50;49;48;2;68;68;69mﬂ[38;2;38;41;46;48;2;49;52;58mﬂ[38;2;22;26;29;48;2;22;26;29mﬂ[38;2;23;24;28;48;2;23;24;28mﬂ[38;2;43;41;43;48;2;36;36;40mﬂ[38;2;61;53;53;48;2;57;50;51mﬂ[38;2;73;71;71;48;2;62;54;52mﬂ[38;2;59;57;58;48;2;71;62;58mﬂ[38;2;66;61;61;48;2;96;87;82mﬂ[38;2;71;66;65;48;2;118;115;112mﬂ[38;2;37;35;35;48;2;112;112;108mﬂ[38;2;34;33;34;48;2;127;127;122mﬂ[38;2;24;24;26;48;2;131;130;125mﬂ[38;2;18;19;22;48;2;132;131;126mﬂ[38;2;43;44;40;48;2;138;138;131mﬂ[38;2;79;78;63;48;2;144;143;132mﬂ[38;2;59;59;53;48;2;133;133;124mﬂ[38;2;40;41;38;48;2;118;119;111mﬂ[38;2;39;40;40;48;2;105;106;100mﬂ[38;2;45;47;47;48;2;98;99;94mﬂ[48;2;95;95;91mﬂ[38;2;50;51;51;48;2;95;96;90mﬂ[38;2;41;42;38;48;2;87;87;80mﬂ[38;2;73;71;53;48;2;77;76;68mﬂ[38;2;74;73;66;48;2;74;73;62mﬂ[38;2;60;62;64;48;2;25;28;31mﬂ[38;2;65;70;73;48;2;26;31;34mﬂ[38;2;64;70;74;48;2;28;32;36mﬂ[38;2;31;34;39;48;2;29;33;37mﬂ[38;2;32;35;40;48;2;34;37;42mﬂ[48;2;28;31;36mﬂ[38;2;31;34;39;48;2;26;29;34mﬂ[38;2;36;41;47;48;2;24;29;35mﬂ[38;2;44;44;45;48;2;39;40;40mﬂ[38;2;28;29;31;48;2;27;29;32mﬂ[38;2;66;61;51;48;2;63;62;56mﬂ[38;2;59;57;54;48;2;46;49;49mﬂ[38;2;42;42;44;48;2;33;37;38mﬂ[38;2;38;41;46;48;2;24;28;32mﬂ[38;2;35;38;43;48;2;23;26;31mﬂ[38;2;36;40;45;48;2;23;27;31mﬂ[38;2;104;100;90;48;2;94;91;82mﬂ[38;2;122;116;102;48;2;116;110;98mﬂ[38;2;116;111;100;48;2;110;106;95mﬂ[38;2;115;111;101;48;2;109;105;96mﬂ[38;2;113;110;101;48;2;107;104;95mﬂ[38;2;111;108;99;48;2;105;102;94mﬂ[38;2;110;107;98;48;2;103;100;93mﬂ[38;2;108;105;98;48;2;102;99;93mﬂ[38;2;105;102;95;48;2;100;96;91mﬂ[38;2;131;132;132;48;2;125;126;125mﬂ[38;2;203;207;206;48;2;203;207;206mﬂ[38;2;202;206;205mﬂ[48;2;202;206;205mﬂ[38;2;204;208;207;48;2;204;208;207mﬂ[38;2;206;210;209;48;2;205;209;208mﬂ[48;2;206;210;209mﬂﬂ[38;2;208;212;211;48;2;207;211;210mﬂ[48;2;208;212;211mﬂﬂﬂ[38;2;202;206;205;48;2;201;205;204mﬂ[38;2;204;208;207;48;2;203;207;206mﬂ[0m[K
[38;2;67;65;58;48;2;52;53;50mﬂ[38;2;58;59;55;48;2;78;78;73mﬂ[38;2;140;134;116;48;2;78;78;75mﬂ[38;2;134;128;108;48;2;46;46;44mﬂ[38;2;128;123;104;48;2;31;32;33mﬂ[38;2;130;126;110;48;2;34;35;37mﬂ[38;2;75;74;75;48;2;38;39;42mﬂ[38;2;38;40;44;48;2;80;79;76mﬂ[38;2;24;27;30;48;2;75;74;70mﬂ[38;2;23;24;28;48;2;23;24;28mﬂ[38;2;35;35;39;48;2;36;36;40mﬂ[38;2;48;48;50;48;2;66;60;59mﬂ[38;2;71;63;60;48;2;75;66;65mﬂ[38;2;71;65;64;48;2;73;67;65mﬂ[38;2;124;124;119;48;2;134;130;124mﬂ[38;2;190;190;180;48;2;188;188;178mﬂ[38;2;191;191;181mﬂ[38;2;194;194;183;48;2;189;189;179mﬂ[38;2;189;189;179;48;2;190;190;180mﬂ[38;2;194;194;184;48;2;192;192;182mﬂ[48;2;191;191;181mﬂ[38;2;192;192;182mﬂ[38;2;189;189;179;48;2;189;189;180mﬂ[38;2;194;194;183;48;2;190;190;181mﬂ[38;2;196;196;186;48;2;180;188;183mﬂ[38;2;198;197;187;48;2;184;184;176mﬂ[38;2;197;197;187;48;2;188;187;176mﬂ[38;2;163;163;155;48;2;161;161;154mﬂ[38;2;135;134;124;48;2;143;141;134mﬂ[38;2;116;113;103;48;2;118;115;105mﬂ[38;2;82;78;70;48;2;73;71;65mﬂ[38;2;25;26;28;48;2;21;21;25mﬂ[38;2;20;24;27;48;2;20;22;26mﬂ[38;2;21;25;28;48;2;20;25;28mﬂ[38;2;26;29;33;48;2;25;29;33mﬂ[38;2;30;33;38;48;2;30;33;38mﬂ[38;2;36;39;44;48;2;51;54;58mﬂ[38;2;37;41;46;48;2;57;59;64mﬂ[38;2;38;41;46;48;2;117;107;90mﬂ[38;2;46;45;44;48;2;155;138;108mﬂ[38;2;50;47;41;48;2;157;138;103mﬂ[38;2;88;78;64;48;2;157;136;101mﬂ[38;2;63;61;52;48;2;152;131;98mﬂ[38;2;60;58;50;48;2;148;128;96mﬂ[38;2;61;58;50;48;2;148;128;97mﬂ[38;2;59;57;50;48;2;144;125;94mﬂ[38;2;59;58;51;48;2;107;93;73mﬂ[38;2;88;83;72;48;2;65;52;45mﬂ[38;2;102;97;87;48;2;80;73;63mﬂ[38;2;102;97;89;48;2;84;76;67mﬂ[38;2;102;98;90;48;2;85;78;70mﬂ[38;2;101;97;90;48;2;87;80;74mﬂ[38;2;99;96;89;48;2;86;81;76mﬂ[38;2;98;95;88;48;2;86;83;78mﬂ[38;2;97;94;88;48;2;88;84;80mﬂ[38;2;95;92;87;48;2;87;85;80mﬂ[38;2;122;123;122;48;2;115;117;116mﬂ[38;2;205;209;208;48;2;207;211;209mﬂ[48;2;206;210;209mﬂ[38;2;204;208;207;48;2;205;209;208mﬂ[38;2;205;209;208mﬂ[38;2;206;210;209;48;2;206;210;209mﬂ[48;2;207;211;210mﬂﬂ[38;2;208;212;211;48;2;208;212;211mﬂﬂﬂ[48;2;207;211;210mﬂ[38;2;202;206;205;48;2;204;208;207mﬂ[48;2;203;207;206mﬂ[0m[K
[38;2;60;61;59;48;2;26;28;28mﬂ[38;2;80;81;75;48;2;81;82;79mﬂ[38;2;99;98;94;48;2;119;114;105mﬂ[38;2;47;47;45;48;2;45;43;41mﬂ[38;2;58;58;56;48;2;58;57;54mﬂ[38;2;47;46;46;48;2;55;54;50mﬂ[38;2;145;141;127;48;2;190;185;165mﬂ[38;2;114;112;101;48;2;95;94;90mﬂ[38;2;59;59;60;48;2;22;23;27mﬂ[38;2;22;24;28;48;2;24;25;29mﬂ[38;2;50;45;46;48;2;39;39;42mﬂ[38;2;65;56;56;48;2;64;58;58mﬂ[38;2;61;57;59;48;2;65;60;60mﬂ[38;2;60;56;57;48;2;64;57;56mﬂ[38;2;122;120;115;48;2;118;115;109mﬂ[38;2;196;196;185;48;2;176;175;165mﬂ[38;2;192;192;180;48;2;182;183;174mﬂ[38;2;195;195;185;48;2;188;187;180mﬂ[38;2;193;193;183;48;2;199;199;191mﬂ[38;2;194;194;184;48;2;201;200;192mﬂ[48;2;207;207;198mﬂ[38;2;192;192;182;48;2;211;211;202mﬂﬂ[38;2;191;190;181;48;2;193;194;183mﬂ[38;2;175;189;187;48;2;161;174;166mﬂ[38;2;169;172;166;48;2;147;170;162mﬂ[38;2;182;181;169;48;2;185;185;174mﬂ[38;2;166;166;159;48;2;168;168;162mﬂ[38;2;146;145;139;48;2;149;148;142mﬂ[38;2;121;118;108;48;2;124;121;111mﬂ[38;2;72;70;65;48;2;72;69;64mﬂ[38;2;20;21;24;48;2;20;21;23mﬂ[38;2;20;21;25;48;2;19;20;24mﬂ[38;2;20;24;27;48;2;21;22;26mﬂ[38;2;24;28;32;48;2;24;26;30mﬂ[38;2;31;34;40;48;2;30;33;38mﬂ[38;2;54;57;63;48;2;49;53;58mﬂ[38;2;50;51;55;48;2;54;58;61mﬂ[38;2;122;108;87;48;2;131;120;100mﬂ[38;2;149;131;102;48;2;167;144;107mﬂ[38;2;157;135;103;48;2;179;153;111mﬂ[38;2;170;145;105;48;2;177;150;110mﬂ[38;2;167;142;102;48;2;176;149;108mﬂ[38;2;163;137;99;48;2;173;145;106mﬂ[38;2;160;134;98;48;2;161;135;100mﬂ[38;2;156;131;96;48;2;151;125;91mﬂ[38;2;143;121;95;48;2;155;125;94mﬂ[38;2;146;114;95;48;2;160;99;86mﬂ[38;2;144;114;96;48;2;159;91;83mﬂ[38;2;140;117;97;48;2;155;86;79mﬂ[38;2;143;117;97;48;2;150;80;74mﬂ[38;2;134;111;94;48;2;154;99;84mﬂ[38;2;125;105;89;48;2;137;116;91mﬂ[38;2;117;103;87;48;2;91;84;75mﬂ[38;2;104;93;77;48;2;105;96;83mﬂ[38;2;80;72;64;48;2;85;76;65mﬂ[38;2;97;98;99;48;2;87;89;91mﬂ[38;2;208;213;211;48;2;209;213;212mﬂ[38;2;207;211;210;48;2;208;212;211mﬂ[48;2;207;211;210mﬂ[48;2;208;212;211mﬂﬂﬂ[38;2;208;212;211mﬂﬂﬂﬂ[48;2;209;213;212mﬂ[38;2;205;209;208;48;2;206;210;209mﬂ[38;2;203;207;206;48;2;203;207;206mﬂ[0m[K
[38;2;55;57;53;48;2;25;28;29mﬂ[38;2;81;82;79;48;2;98;100;93mﬂ[38;2;122;120;115;48;2;95;95;92mﬂ[38;2;34;33;32;48;2;49;47;45mﬂ[38;2;73;69;65;48;2;94;88;83mﬂ[38;2;79;76;71;48;2;99;97;90mﬂ[38;2;195;190;171;48;2;187;182;165mﬂ[38;2;80;80;77;48;2;60;61;59mﬂ[38;2;20;21;25;48;2;19;20;24mﬂ[38;2;24;25;29;48;2;66;68;69mﬂ[38;2;80;81;80;48;2;189;191;186mﬂ[38;2;113;112;110;48;2;192;195;192mﬂ[38;2;92;90;87;48;2;128;130;129mﬂ[38;2;76;72;72;48;2;60;60;63mﬂ[38;2;115;114;106;48;2;104;103;100mﬂ[38;2;113;113;106;48;2;113;113;107mﬂ[38;2;106;107;101;48;2;114;116;110mﬂ[38;2;106;106;102;48;2;106;108;104mﬂ[38;2;153;153;150;48;2;140;141;139mﬂ[38;2;118;118;116;48;2;121;122;118mﬂ[38;2;125;126;121;48;2;136;136;132mﬂ[38;2;127;127;121;48;2;131;131;126mﬂ[38;2;148;148;139;48;2;145;145;137mﬂ[38;2;178;179;169;48;2;154;154;143mﬂ[38;2;187;187;178;48;2;186;186;176mﬂ[48;2;189;189;179mﬂ[38;2;186;185;176;48;2;187;187;177mﬂ[38;2;168;169;163;48;2;169;170;163mﬂ[38;2;149;150;144;48;2;151;152;146mﬂ[38;2;127;123;113;48;2;130;126;115mﬂ[38;2;72;69;64;48;2;73;70;65mﬂ[38;2;19;20;22;48;2;21;21;23mﬂ[38;2;19;20;24;48;2;18;19;22mﬂ[38;2;21;22;26;48;2;19;20;24mﬂ[38;2;24;26;29;48;2;24;25;29mﬂ[38;2;30;33;38;48;2;30;32;37mﬂ[38;2;48;51;57;48;2;39;42;49mﬂ[38;2;100;100;101;48;2;32;35;41mﬂ[38;2;165;154;132;48;2;81;77;74mﬂ[38;2;126;114;94;48;2;166;154;132mﬂ[38;2;147;127;99;48;2;179;162;135mﬂ[38;2;180;122;96;48;2;180;160;132mﬂ[38;2;173;98;83;48;2;158;136;111mﬂ[38;2;172;95;83;48;2;195;153;127mﬂ[38;2;169;91;80;48;2;173;127;107mﬂ[38;2;165;100;84;48;2;137;109;87mﬂ[38;2;159;135;100;48;2;142;124;95mﬂ[38;2;163;140;105;48;2;172;150;111mﬂ[38;2;171;149;113;48;2;167;144;107mﬂ[38;2;168;147;111;48;2;166;142;105mﬂ[38;2;170;145;112;48;2;167;144;107mﬂ[38;2;167;143;110;48;2;168;144;107mﬂ[38;2;165;143;108;48;2;166;144;108mﬂ[38;2;150;131;101;48;2;162;141;109mﬂ[38;2;145;127;97;48;2;167;144;108mﬂ[38;2;69;63;55;48;2;115;109;99mﬂ[38;2;79;82;84;48;2;120;122;120mﬂ[38;2;208;212;210;48;2;209;213;211mﬂ[38;2;208;212;211;48;2;209;213;212mﬂ[38;2;209;213;212mﬂ[38;2;208;212;211;48;2;208;212;211mﬂﬂ[38;2;209;213;212mﬂ[48;2;209;213;212mﬂ[48;2;208;212;211mﬂﬂﬂﬂ[38;2;207;211;210;48;2;206;210;209mﬂ[38;2;203;207;206;48;2;202;206;205mﬂ[0m[K
[38;2;15;19;21;48;2;17;21;24mﬂ[38;2;82;84;83;48;2;79;81;82mﬂ[38;2;109;109;108;48;2;113;116;115mﬂ[38;2;72;70;65;48;2;89;86;80mﬂ[38;2;127;121;114;48;2;136;133;126mﬂ[38;2;114;111;103;48;2;121;117;110mﬂ[38;2;188;183;167;48;2;195;190;173mﬂ[38;2;50;51;52;48;2;52;53;53mﬂ[38;2;56;57;60;48;2;120;121;119mﬂ[38;2;235;237;236;48;2;184;185;180mﬂ[38;2;228;230;229;48;2;207;208;203mﬂ[38;2;175;177;178;48;2;63;63;66mﬂ[38;2;37;38;42;48;2;52;52;54mﬂ[38;2;32;33;37;48;2;37;37;41mﬂ[38;2;99;97;94;48;2;108;107;101mﬂ[38;2;121;120;113;48;2;121;119;113mﬂ[38;2;112;113;107;48;2;112;112;106mﬂ[38;2;108;110;106;48;2;109;110;106mﬂ[38;2;136;137;134;48;2;144;145;139mﬂ[38;2;124;125;120;48;2;132;132;127mﬂ[38;2;135;136;132;48;2;137;138;133mﬂ[38;2;136;136;132mﬂ[38;2;143;143;136;48;2;145;145;139mﬂ[38;2;150;151;138;48;2;155;153;142mﬂ[38;2;183;183;172;48;2;182;182;171mﬂ[38;2;182;182;171;48;2;172;172;163mﬂ[38;2;185;185;175;48;2;177;177;168mﬂ[38;2;170;171;164;48;2;171;172;165mﬂ[38;2;151;152;146;48;2;151;151;145mﬂ[38;2;133;128;117;48;2;135;130;118mﬂ[38;2;76;71;65;48;2;79;75;66mﬂ[38;2;20;20;22;48;2;21;21;21mﬂ[38;2;20;20;24;48;2;25;25;28mﬂ[38;2;19;20;24;48;2;18;19;23mﬂ[38;2;24;25;29;48;2;25;26;30mﬂ[38;2;31;33;38;48;2;31;32;36mﬂ[38;2;39;41;45;48;2;50;51;53mﬂ[38;2;35;37;40;48;2;35;36;39mﬂ[38;2;99;92;78;48;2;97;89;76mﬂ[38;2;171;156;129;48;2;166;153;129mﬂ[38;2;191;169;130;48;2;186;164;126mﬂ[38;2;193;171;133;48;2;135;122;99mﬂ[38;2;197;176;139;48;2;184;152;120mﬂ[38;2;189;166;133;48;2;176;119;102mﬂ[38;2;193;173;137;48;2;178;154;119mﬂ[38;2;128;109;82;48;2;120;87;73mﬂ[38;2;99;87;72;48;2;80;69;56mﬂ[38;2;178;156;121;48;2;139;122;98mﬂ[38;2;180;157;122;48;2;144;128;104mﬂ[38;2;182;161;123;48;2;176;153;113mﬂ[38;2;178;155;118;48;2;183;161;121mﬂ[38;2;171;147;109;48;2;191;169;131mﬂ[38;2;158;138;105;48;2;191;169;132mﬂ[38;2;141;124;100;48;2;191;169;131mﬂ[38;2;145;128;102;48;2;191;169;130mﬂ[38;2;116;110;98;48;2;107;101;88mﬂ[38;2;149;151;146;48;2;69;70;69mﬂ[38;2;209;214;210;48;2;210;214;212mﬂ[38;2;208;212;211;48;2;208;212;211mﬂﬂ[38;2;207;211;210;48;2;207;211;210mﬂ[48;2;208;212;211mﬂ[38;2;208;212;211mﬂﬂﬂﬂﬂﬂ[38;2;207;211;210;48;2;207;211;210mﬂ[38;2;204;208;207;48;2;204;208;207mﬂ[0m[K
[38;2;16;20;23;48;2;16;20;23mﬂ[38;2;87;89;90;48;2;94;96;97mﬂ[38;2;116;119;119;48;2;112;114;116mﬂ[38;2;90;89;82;48;2;99;97;89mﬂ[38;2;146;141;135;48;2;151;147;140mﬂ[38;2;131;127;117;48;2;133;129;119mﬂ[38;2;190;185;168;48;2;173;167;151mﬂ[38;2;51;52;51;48;2;42;42;43mﬂ[38;2;132;133;128;48;2;153;153;145mﬂ[38;2;157;158;151;48;2;161;161;155mﬂ[38;2;165;163;154;48;2;169;167;159mﬂ[38;2;49;50;51;48;2;61;62;62mﬂ[38;2;39;39;40;48;2;34;35;38mﬂ[38;2;34;33;35;48;2;29;30;34mﬂ[38;2;118;115;109;48;2;115;115;111mﬂ[38;2;131;129;122;48;2;138;138;130mﬂ[38;2;126;126;120;48;2;134;134;128mﬂ[38;2;136;136;130;48;2;141;142;135mﬂ[38;2;191;190;181;48;2;197;198;188mﬂ[38;2;143;142;135;48;2;145;144;135mﬂ[38;2;131;132;126;48;2;123;124;119mﬂ[38;2;134;135;130;48;2;126;127;121mﬂ[38;2;145;145;140;48;2;149;150;142mﬂ[38;2;153;153;142;48;2;151;149;139mﬂ[38;2;182;181;170;48;2;181;180;168mﬂ[38;2;186;186;176;48;2;146;145;135mﬂ[38;2;187;187;177;48;2;158;158;147mﬂ[38;2;172;172;167;48;2;173;173;167mﬂ[38;2;150;149;143;48;2;151;149;143mﬂ[38;2;137;131;119;48;2;139;133;120mﬂ[38;2;82;77;68;48;2;85;81;71mﬂ[38;2;21;21;21;48;2;20;20;21mﬂ[38;2;22;22;24;48;2;19;19;22mﬂ[38;2;18;19;23;48;2;18;19;23mﬂ[38;2;25;26;30;48;2;25;26;30mﬂ[38;2;31;32;36;48;2;31;32;37mﬂ[38;2;40;40;43;48;2;63;59;56mﬂ[38;2;50;49;49;48;2;67;57;46mﬂ[38;2;103;94;80;48;2;95;84;68mﬂ[38;2;167;152;126;48;2;157;146;127mﬂ[38;2;160;146;122;48;2;135;128;117mﬂ[38;2;153;139;115;48;2;89;96;107mﬂ[38;2;164;147;119;48;2;81;93;110mﬂ[38;2;176;155;123;48;2;78;88;105mﬂ[38;2;176;155;118;48;2;165;147;117mﬂ[38;2;127;94;78;48;2;131;101;84mﬂ[38;2;76;64;50;48;2;77;65;53mﬂ[38;2;154;129;94;48;2;140;119;93mﬂ[38;2;173;151;113;48;2;163;141;105mﬂ[38;2;179;157;116;48;2;168;143;106mﬂ[38;2;178;155;114;48;2;170;142;107mﬂ[38;2;177;154;115;48;2;173;150;112mﬂ[38;2;175;151;114;48;2;174;151;115mﬂ[38;2;177;153;114;48;2;165;143;109mﬂ[38;2;176;152;114;48;2;153;131;99mﬂ[38;2;90;82;68;48;2;103;92;75mﬂ[38;2;51;53;54;48;2;40;43;45mﬂ[38;2;210;214;213;48;2;195;199;198mﬂ[38;2;208;212;211;48;2;191;195;194mﬂ[38;2;207;211;210;48;2;189;193;192mﬂ[38;2;208;212;211mﬂ[38;2;207;211;210;48;2;188;192;191mﬂ[48;2;186;190;189mﬂ[48;2;187;191;190mﬂ[38;2;208;212;211;48;2;200;204;203mﬂ[48;2;208;212;211mﬂﬂ[38;2;207;211;210;48;2;207;211;210mﬂ[38;2;208;212;211mﬂ[38;2;205;209;208;48;2;204;208;207mﬂ[0m[K
[38;2;14;16;19;48;2;25;25;25mﬂ[38;2;103;105;107;48;2;116;118;116mﬂ[38;2;108;110;112;48;2;107;109;109mﬂ[38;2;110;108;101;48;2;120;117;111mﬂ[38;2;149;145;137;48;2;147;144;137mﬂ[38;2;137;134;123;48;2;140;136;125mﬂ[38;2;147;143;128;48;2;116;112;102mﬂ[38;2;29;30;31;48;2;41;42;43mﬂ[38;2;169;168;159;48;2;168;166;155mﬂ[38;2;153;154;149;48;2;168;169;159mﬂ[38;2;152;152;146;48;2;148;149;144mﬂ[38;2;47;48;50;48;2;48;50;52mﬂ[38;2;25;26;30;48;2;27;29;32mﬂ[38;2;21;22;26;48;2;22;23;27mﬂ[38;2;120;120;115;48;2;120;119;116mﬂ[38;2;149;149;143;48;2;155;156;150mﬂ[38;2;146;147;142;48;2;151;152;146mﬂ[38;2;143;144;139;48;2;142;143;139mﬂ[38;2;150;151;144;48;2;126;126;124mﬂ[38;2;120;121;115;48;2;108;108;106mﬂ[38;2;109;110;105;48;2;101;102;98mﬂ[38;2;119;120;114;48;2;115;116;111mﬂ[38;2;140;141;134;48;2;134;134;128mﬂ[38;2;147;146;136;48;2;145;143;133mﬂ[38;2;179;178;167;48;2;180;178;167mﬂ[38;2;184;184;175;48;2;186;188;186mﬂ[38;2;182;182;172;48;2;187;188;183mﬂ[38;2;174;174;168;48;2;175;174;169mﬂ[38;2;154;149;142;48;2;155;149;140mﬂ[38;2;142;134;122;48;2;143;134;120mﬂ[38;2;89;83;73;48;2;91;84;74mﬂ[38;2;20;20;22;48;2;19;19;21mﬂ[38;2;18;18;21;48;2;17;18;21mﬂ[38;2;18;19;23;48;2;18;19;23mﬂ[38;2;28;29;33;48;2;28;28;31mﬂ[38;2;33;34;38;48;2;33;33;37mﬂ[38;2;50;45;41;48;2;53;53;56mﬂ[38;2;58;47;37;48;2;57;55;53mﬂ[38;2;91;80;66;48;2;96;88;77mﬂ[38;2;155;146;129;48;2;152;137;110mﬂ[38;2;131;126;119;48;2;141;128;107mﬂ[38;2;114;113;113;48;2;125;117;103mﬂ[38;2;109;110;112;48;2;118;112;103mﬂ[38;2;87;95;107;48;2;101;102;104mﬂ[38;2;160;142;112;48;2;161;143;113mﬂ[38;2;147;122;96;48;2;130;98;81mﬂ[38;2;83;70;54;48;2;99;80;56mﬂ[38;2;70;62;55;48;2;117;95;67mﬂ[38;2;82;76;66;48;2;128;105;73mﬂ[38;2;163;128;98;48;2;138;117;85mﬂ[38;2;157;82;74;48;2;147;127;95mﬂ[38;2;160;90;80;48;2;151;126;97mﬂ[38;2;164;92;82;48;2;154;115;94mﬂ[38;2;169;108;92;48;2;150;101;85mﬂ[38;2;173;125;100;48;2;158;107;91mﬂ[38;2;107;95;78;48;2;136;121;98mﬂ[38;2;33;34;37;48;2;56;52;46mﬂ[38;2;212;216;215;48;2;212;216;213mﬂ[38;2;208;212;211;48;2;208;213;209mﬂ[38;2;208;212;209;48;2;207;212;208mﬂ[38;2;207;212;208mﬂ[38;2;207;211;209mﬂ[38;2;206;210;209;48;2;207;211;210mﬂ[38;2;201;205;204;48;2;206;211;208mﬂ[38;2;191;195;194;48;2;206;210;207mﬂ[38;2;183;187;186;48;2;206;211;208mﬂ[38;2;184;188;187;48;2;207;211;210mﬂ[38;2;182;186;185mﬂ[38;2;181;185;185;48;2;206;211;209mﬂ[48;2;204;208;207mﬂ[0m[K
[38;2;52;52;41;48;2;59;56;44mﬂ[38;2;128;130;126;48;2;137;138;134mﬂ[38;2;102;105;107;48;2;102;104;106mﬂ[38;2;122;119;113;48;2;134;130;125mﬂ[38;2;143;139;133;48;2;142;138;131mﬂ[38;2;143;139;128;48;2;148;144;132mﬂ[38;2;104;101;92;48;2;171;168;157mﬂ[38;2;118;118;114;48;2;202;202;199mﬂ[38;2;161;160;149;48;2;161;162;158mﬂ[38;2;160;160;152;48;2;134;135;131mﬂ[38;2;133;131;120;48;2;111;113;112mﬂ[38;2;170;155;111;48;2;164;139;109mﬂ[38;2;46;43;41;48;2;64;62;59mﬂ[38;2;25;26;30;48;2;45;46;50mﬂ[38;2;126;125;122;48;2;121;121;117mﬂ[38;2;154;155;149;48;2;154;154;148mﬂ[38;2;151;152;146;48;2;146;147;141mﬂ[38;2;136;137;134;48;2;137;138;133mﬂ[38;2;119;119;117;48;2;129;130;125mﬂ[38;2;107;107;105;48;2;115;116;113mﬂ[38;2;105;105;103;48;2;115;115;113mﬂ[38;2;111;113;109;48;2;105;105;101mﬂ[38;2;132;131;126;48;2;138;138;131mﬂ[38;2;147;144;133;48;2;144;142;131mﬂ[38;2;177;177;165;48;2;176;176;163mﬂ[38;2;184;188;187;48;2;180;184;184mﬂ[38;2;188;190;187;48;2;186;188;185mﬂ[38;2;176;175;168;48;2;177;174;168mﬂ[38;2;156;149;139;48;2;159;149;138mﬂ[38;2;144;132;118;48;2;146;131;116mﬂ[38;2;93;84;74;48;2;95;85;74mﬂ[38;2;19;19;21;48;2;17;17;19mﬂ[38;2;17;18;21;48;2;16;17;21mﬂ[38;2;17;18;22;48;2;17;18;21mﬂ[38;2;26;27;29;48;2;27;26;28mﬂ[38;2;30;30;33;48;2;32;29;29mﬂ[38;2;36;35;39;48;2;123;120;115mﬂ[38;2;57;56;54;48;2;177;176;170mﬂ[38;2;137;123;108;48;2;193;180;163mﬂ[38;2;181;131;112;48;2;177;132;105mﬂ[38;2;177;155;122;48;2;172;146;110mﬂ[38;2;168;147;116;48;2;131;112;89mﬂ[38;2;175;153;120;48;2;175;149;114mﬂ[38;2;180;158;126;48;2;173;147;111mﬂ[38;2;173;152;121;48;2;165;142;112mﬂ[38;2;113;96;80;48;2;128;107;89mﬂ[38;2;101;74;58;48;2;102;77;59mﬂ[38;2;126;85;67;48;2;121;84;64mﬂ[38;2;138;110;84;48;2;119;96;78mﬂ[38;2;157;129;92;48;2;132;113;90mﬂ[38;2;153;118;85;48;2;142;88;73mﬂ[38;2;160;132;94;48;2;146;90;76mﬂ[38;2;167;141;102;48;2;149;95;80mﬂ[38;2;165;142;102;48;2;160;137;100mﬂ[38;2;152;130;93;48;2;161;135;97mﬂ[38;2;146;125;91;48;2;162;135;98mﬂ[38;2;90;78;62;48;2;85;74;57mﬂ[38;2;210;214;211;48;2;207;211;208mﬂ[38;2;208;213;210;48;2;207;212;208mﬂ[38;2;207;212;208;48;2;206;211;207mﬂ[38;2;206;211;207mﬂ[38;2;207;212;208;48;2;205;210;206mﬂ[48;2;206;211;207mﬂﬂ[48;2;206;211;208mﬂ[38;2;207;212;209;48;2;206;210;208mﬂ[38;2;207;211;208;48;2;205;210;207mﬂ[38;2;206;211;208;48;2;205;209;208mﬂ[38;2;206;210;209mﬂ[38;2;203;207;206;48;2;203;207;206mﬂ[0m[K
[38;2;69;65;52;48;2;86;81;66mﬂ[38;2;142;143;140;48;2;149;150;147mﬂ[38;2;95;97;99;48;2;90;93;94mﬂ[38;2;135;130;125;48;2;123;119;113mﬂ[38;2;140;136;128;48;2;133;129;120mﬂ[38;2;149;146;132;48;2;155;150;135mﬂ[38;2;170;168;155;48;2;173;170;158mﬂ[38;2;166;166;160;48;2;167;166;161mﬂ[38;2;148;146;138;48;2;150;147;138mﬂ[38;2;159;159;150;48;2;167;165;152mﬂ[38;2;158;158;150;48;2;164;162;150mﬂ[38;2;147;144;134;48;2;148;146;137mﬂ[38;2;42;43;44;48;2;47;48;46mﬂ[38;2;21;22;24;48;2;34;35;36mﬂ[38;2;107;107;101;48;2;116;115;108mﬂ[38;2;141;140;132;48;2;139;136;122mﬂ[38;2;145;143;135;48;2;113;110;96mﬂ[38;2;141;142;135;48;2;106;103;88mﬂ[38;2;133;133;128;48;2;112;108;94mﬂ[38;2;120;121;117;48;2;115;110;99mﬂ[38;2;108;108;104;48;2;116;112;102mﬂ[38;2;110;109;103;48;2;121;119;108mﬂ[38;2;143;143;134;48;2;135;132;121mﬂ[38;2;150;148;138;48;2;149;146;134mﬂ[38;2;174;173;160;48;2;171;169;156mﬂ[38;2;177;180;179;48;2;178;176;163mﬂ[38;2;177;179;175;48;2;183;181;168mﬂ[38;2;179;174;163;48;2;180;173;161mﬂ[38;2;160;148;134;48;2;161;145;130mﬂ[38;2;148;130;114;48;2;144;123;104mﬂ[38;2;96;84;72;48;2;107;89;71mﬂ[38;2;15;15;19;48;2;85;62;45mﬂ[38;2;14;14;17;48;2;141;89;51mﬂ[38;2;18;18;21;48;2;101;73;53mﬂ[38;2;25;22;23;48;2;120;81;48mﬂ[38;2;92;84;74;48;2;182;154;115mﬂ[38;2;151;149;141;48;2;180;157;118mﬂ[38;2;144;143;139;48;2;187;163;128mﬂ[38;2;166;153;134;48;2;177;153;121mﬂ[38;2;178;151;116;48;2;179;153;118mﬂ[38;2;172;148;114;48;2;166;143;114mﬂ[38;2;171;149;118;48;2;141;124;106mﬂ[38;2;169;143;110;48;2;138;125;109mﬂ[38;2;172;146;111;48;2;173;147;112mﬂ[38;2;171;146;112;48;2;170;145;111mﬂ[38;2;130;105;86;48;2;130;107;87mﬂ[38;2;97;74;55;48;2;90;70;56mﬂ[38;2;111;81;64;48;2;176;172;165mﬂ[38;2;122;88;70;48;2;180;177;171mﬂ[38;2;138;101;78;48;2;159;149;134mﬂ[38;2;123;102;85;48;2;144;131;113mﬂ[38;2;85;77;81;48;2;114;111;108mﬂ[38;2;96;83;86;48;2;88;89;89mﬂ[38;2;85;86;89;48;2;108;102;92mﬂ[38;2;162;135;99;48;2;158;135;99mﬂ[38;2;164;136;100;48;2;164;139;99mﬂ[38;2;95;81;61;48;2;98;82;62mﬂ[38;2;198;202;199;48;2;192;196;193mﬂ[38;2;207;212;208;48;2;208;213;209mﬂ[48;2;207;212;208mﬂ[38;2;206;211;207mﬂﬂﬂ[38;2;206;210;208;48;2;206;211;207mﬂ[38;2;206;211;208mﬂ[38;2;206;211;207;48;2;207;212;208mﬂ[38;2;205;210;207;48;2;206;211;207mﬂ[38;2;205;210;208;48;2;205;210;206mﬂ[38;2;205;209;208;48;2;204;209;207mﬂ[38;2;204;208;207;48;2;204;208;207mﬂ[0m[K
[38;2;110;103;85;48;2;135;128;110mﬂ[38;2;156;157;154;48;2;159;160;156mﬂ[38;2;91;93;95;48;2;88;89;90mﬂ[38;2;130;125;120;48;2;138;134;125mﬂ[38;2;129;125;117;48;2;120;115;108mﬂ[38;2;157;152;136;48;2;163;156;139mﬂ[38;2;174;172;160;48;2;174;171;159mﬂ[38;2;166;167;162;48;2;172;173;168mﬂ[38;2;150;148;139;48;2;148;148;141mﬂ[38;2;164;163;152;48;2;160;160;154mﬂ[38;2;165;162;151;48;2;158;157;151mﬂ[38;2;140;138;130;48;2;119;118;112mﬂ[38;2;60;61;59;48;2;71;72;66mﬂ[38;2;29;31;31;48;2;61;61;57mﬂ[38;2;115;114;108;48;2;103;103;97mﬂ[38;2;167;165;150;48;2;173;173;160mﬂ[38;2;151;148;132;48;2;176;174;160mﬂ[38;2;141;138;120;48;2;175;173;159mﬂ[38;2;132;128;111;48;2;172;169;154mﬂ[38;2;125;122;105;48;2;168;165;149mﬂ[38;2;120;117;101;48;2;164;161;145mﬂ[38;2;117;112;98;48;2;156;153;137mﬂ[38;2;118;114;102;48;2;152;148;136mﬂ[38;2;147;145;132;48;2;159;157;144mﬂ[38;2;172;169;156;48;2;174;172;159mﬂ[38;2;164;159;144;48;2;174;169;155mﬂ[38;2;159;152;136;48;2;182;175;155mﬂ[38;2;169;154;139;48;2;200;172;135mﬂ[38;2;151;131;114;48;2;188;131;77mﬂ[38;2;167;126;88;48;2;195;123;52mﬂ[38;2;145;97;58;48;2;180;113;53mﬂ[38;2;127;84;53;48;2;186;119;59mﬂ[38;2;159;96;50;48;2;182;115;54mﬂ[38;2;130;85;53;48;2;181;115;56mﬂ[38;2;92;62;40;48;2;190;130;68mﬂ[38;2;176;149;109;48;2;193;156;108mﬂ[38;2;182;156;117;48;2;181;156;117mﬂ[38;2;184;130;103;48;2;183;131;105mﬂ[38;2;170;123;97;48;2;166;114;90mﬂ[38;2;181;153;114;48;2;185;157;116mﬂ[38;2;175;146;112;48;2;172;145;112mﬂ[38;2;168;132;104;48;2;172;142;111mﬂ[38;2;174;141;110;48;2;172;139;108mﬂ[38;2;172;146;111;48;2;174;147;112mﬂ[38;2;169;142;110;48;2;166;137;105mﬂ[38;2;104;77;66;48;2;125;103;84mﬂ[38;2;109;97;86;48;2;169;154;129mﬂ[38;2;164;162;157;48;2;148;142;129mﬂ[38;2;152;151;146;48;2;176;173;164mﬂ[38;2;168;169;164;48;2;165;164;158mﬂ[38;2;188;188;185;48;2;164;164;160mﬂ[38;2;204;207;205;48;2;161;162;156mﬂ[38;2;210;212;210;48;2;153;153;149mﬂ[38;2;163;160;153;48;2;161;156;153mﬂ[38;2;156;131;91;48;2;162;140;110mﬂ[38;2;159;133;93;48;2;162;130;94mﬂ[38;2;104;87;66;48;2;101;83;62mﬂ[38;2;186;190;187;48;2;176;180;177mﬂ[38;2;207;212;208;48;2;205;210;206mﬂ[48;2;205;209;207mﬂ[38;2;207;212;209;48;2;204;208;207mﬂ[38;2;207;211;210;48;2;205;209;208mﬂﬂ[38;2;207;212;208;48;2;204;209;207mﬂ[48;2;205;209;207mﬂ[48;2;206;210;208mﬂ[48;2;206;211;207mﬂ[38;2;206;211;207mﬂﬂ[38;2;205;210;206;48;2;205;210;207mﬂ[0m[K
[38;2;158;149;132;48;2;171;161;145mﬂ[38;2;158;157;153;48;2;155;155;150mﬂ[38;2;92;92;92;48;2;88;88;88mﬂ[38;2;145;142;133;48;2;145;141;132mﬂ[38;2;117;114;108;48;2;128;126;120mﬂ[38;2;164;155;138;48;2;163;155;136mﬂ[38;2;173;170;158;48;2;91;86;75mﬂ[38;2;186;187;183;48;2;74;74;73mﬂ[38;2;153;153;147;48;2;96;96;94mﬂ[38;2;164;165;160;48;2;148;148;144mﬂ[38;2;152;153;148;48;2;142;143;138mﬂ[38;2;113;113;108;48;2;110;111;107mﬂ[38;2;47;47;44;48;2;47;48;48mﬂ[38;2;39;42;43;48;2;86;88;90mﬂ[38;2;75;76;71;48;2;143;143;134mﬂ[38;2;98;98;94;48;2;181;180;172mﬂ[38;2;110;110;109;48;2;157;161;161mﬂ[38;2;100;101;95;48;2;40;41;41mﬂ[38;2;133;133;124;48;2;14;15;17mﬂ[38;2;166;166;155;48;2;10;11;13mﬂ[38;2;179;179;167;48;2;34;35;36mﬂ[38;2;179;177;164;48;2;72;74;70mﬂ[38;2;177;175;162;48;2;108;108;101mﬂ[38;2;176;173;161;48;2;139;137;127mﬂ[38;2;181;179;166;48;2;168;166;154mﬂ[38;2;178;171;155;48;2;169;161;147mﬂ[38;2;220;189;128;48;2;218;162;96mﬂ[38;2;218;179;120;48;2;226;176;103mﬂ[38;2;201;143;77;48;2;210;149;77mﬂ[38;2;210;143;68;48;2;217;166;92mﬂ[38;2;209;143;66;48;2;226;186;104mﬂ[38;2;210;143;67;48;2;226;183;102mﬂ[38;2;211;150;74;48;2;230;187;106mﬂ[38;2;221;168;89;48;2;230;170;89mﬂ[38;2;198;115;49;48;2;173;99;45mﬂ[38;2;190;148;101;48;2;172;136;94mﬂ[38;2;179;154;115;48;2;172;146;109mﬂ[38;2;179;129;103;48;2;177;128;99mﬂ[38;2;183;135;110;48;2;175;127;105mﬂ[38;2;187;166;132;48;2;123;114;103mﬂ[38;2;181;161;130;48;2;160;139;109mﬂ[38;2;158;140;117;48;2;183;155;113mﬂ[38;2;157;138;117;48;2;191;167;125mﬂ[38;2;174;146;109;48;2;201;178;141mﬂ[38;2;168;137;102;48;2;164;138;108mﬂ[38;2;117;95;74;48;2;117;95;74mﬂ[38;2;120;101;82;48;2;122;102;83mﬂ[38;2;133;118;93;48;2;116;103;83mﬂ[38;2;172;149;110;48;2;177;154;113mﬂ[38;2;179;158;120;48;2;175;152;110mﬂ[38;2;151;132;102;48;2;174;151;110mﬂ[38;2;148;136;113;48;2;173;150;111mﬂ[38;2;154;145;129;48;2;173;150;109mﬂ[38;2;172;164;149;48;2;171;150;121mﬂ[38;2;154;139;115;48;2;146;133;110mﬂ[38;2;124;98;77;48;2;120;101;78mﬂ[38;2;98;82;63;48;2;98;83;64mﬂ[38;2;172;175;171;48;2;165;167;163mﬂ[38;2;205;210;206;48;2;204;209;205mﬂﬂ[38;2;204;209;206mﬂ[38;2;204;208;207;48;2;204;208;207mﬂ[48;2;203;207;205mﬂ[48;2;203;208;206mﬂ[48;2;204;208;206mﬂ[38;2;204;208;206;48;2;203;208;205mﬂ[38;2;204;209;205;48;2;203;208;204mﬂ[48;2;204;209;205mﬂ[38;2;206;211;207;48;2;206;211;207mﬂ[38;2;205;210;206;48;2;205;209;206mﬂ[0m[K
[38;2;174;167;153;48;2;181;174;163mﬂ[38;2;152;152;148;48;2;102;99;93mﬂ[38;2;71;68;64;48;2;81;77;70mﬂ[38;2;124;119;113;48;2;120;116;109mﬂ[38;2;114;111;107;48;2;97;95;90mﬂ[38;2;161;153;134;48;2;65;62;58mﬂ[38;2;121;115;104;48;2;54;52;53mﬂ[38;2;77;71;67;48;2;79;72;68mﬂ[38;2;50;49;49;48;2;57;54;53mﬂ[38;2;39;39;39;48;2;63;60;59mﬂ[38;2;46;47;47;48;2;54;53;53mﬂ[38;2;60;61;62;48;2;58;55;56mﬂ[38;2;72;72;73;48;2;61;60;58mﬂ[38;2;65;63;63;48;2;51;51;52mﬂ[38;2;77;77;77;48;2;60;59;61mﬂ[38;2;81;80;76;48;2;76;76;78mﬂ[38;2;142;143;137;48;2;73;74;77mﬂ[38;2;150;149;142;48;2;95;94;96mﬂ[38;2;108;109;105;48;2;119;119;116mﬂ[38;2;46;46;47;48;2;170;169;162mﬂ[38;2;12;13;17;48;2;172;171;162mﬂ[38;2;11;12;16;48;2;136;136;129mﬂ[48;2;80;80;79mﬂ[38;2;14;14;16;48;2;34;34;34mﬂ[38;2;97;98;97;48;2;154;153;146mﬂ[38;2;90;87;83;48;2;138;127;116mﬂ[38;2;151;113;74;48;2;201;160;112mﬂ[38;2;200;154;97;48;2;210;159;103mﬂ[38;2;207;157;91;48;2;199;135;76mﬂ[38;2;223;176;102;48;2;192;120;61mﬂ[38;2;226;173;101;48;2;196;134;73mﬂ[38;2;221;155;79;48;2;199;143;81mﬂ[38;2;230;175;96;48;2;200;133;71mﬂ[38;2;200;129;63;48;2;205;147;88mﬂ[38;2;153;84;42;48;2;134;76;42mﬂ[38;2;160;122;85;48;2;129;96;68mﬂ[38;2;168;142;102;48;2;151;126;94mﬂ[38;2;178;140;106;48;2;173;147;108mﬂ[38;2;174;133;105;48;2;154;133;105mﬂ[38;2;110;104;100;48;2;92;92;97mﬂ[38;2;174;150;111;48;2;162;120;97mﬂ[38;2;136;120;94;48;2;153;91;77mﬂ[38;2;168;128;98;48;2;174;135;101mﬂ[38;2;175;135;104;48;2;160;122;90mﬂ[38;2;139;109;78;48;2;136;106;76mﬂ[38;2;109;88;67;48;2;102;84;64mﬂ[38;2;125;104;85;48;2;173;144;110mﬂ[38;2;111;99;80;48;2;167;146;108mﬂ[38;2;178;155;114;48;2;178;151;112mﬂ[38;2;176;153;111;48;2;165;98;83mﬂ[38;2;176;153;112;48;2;167;99;86mﬂ[38;2;175;150;110;48;2;170;129;100mﬂ[38;2;174;151;110;48;2;174;148;109mﬂ[38;2;163;139;112;48;2;171;145;116mﬂ[38;2;160;146;120;48;2;171;153;125mﬂ[38;2;90;77;62;48;2;125;102;73mﬂ[38;2;101;84;63;48;2;101;84;63mﬂ[38;2;158;159;157;48;2;149;150;147mﬂ[38;2;202;207;203;48;2;200;203;200mﬂ[38;2;203;208;204;48;2;201;206;202mﬂ[38;2;204;209;205;48;2;203;208;204mﬂ[38;2;203;207;206mﬂ[38;2;203;208;204mﬂ[38;2;204;209;205mﬂ[38;2;203;208;204mﬂ[38;2;204;209;205;48;2;204;209;205mﬂ[48;2;203;208;204mﬂ[38;2;203;208;204;48;2;204;209;205mﬂ[48;2;203;208;204mﬂ[38;2;203;207;204;48;2;201;206;202mﬂ[0m[K
[38;2;148;147;141;48;2;158;156;151mﬂ[38;2;145;144;137;48;2;139;138;134mﬂ[38;2;153;150;142;48;2;148;148;143mﬂ[38;2;130;127;120;48;2;182;182;178mﬂ[38;2;125;121;114;48;2;171;168;162mﬂ[38;2;131;126;117;48;2;156;152;146mﬂ[38;2;75;74;71;48;2;161;158;152mﬂ[38;2;85;82;76;48;2;143;140;127mﬂ[38;2;70;67;64;48;2;120;116;109mﬂ[38;2;69;66;64;48;2;115;112;107mﬂ[38;2;55;54;52;48;2;103;100;96mﬂ[38;2;64;62;60;48;2;77;75;72mﬂ[38;2;63;62;60;48;2;59;58;57mﬂ[38;2;65;63;61;48;2;59;57;56mﬂ[38;2;69;65;64;48;2;63;60;60mﬂ[38;2;78;74;72;48;2;77;73;69mﬂ[38;2;82;74;69;48;2;96;80;74mﬂ[38;2;69;65;64;48;2;99;80;74mﬂ[38;2;65;63;63;48;2;94;78;72mﬂ[38;2;69;67;69;48;2;83;72;67mﬂ[38;2;83;81;81;48;2;71;63;59mﬂ[38;2;107;104;100;48;2;58;56;55mﬂ[38;2;146;143;135;48;2;51;49;49mﬂ[38;2;184;182;171;48;2;54;53;53mﬂ[38;2;148;147;138;48;2;70;69;67mﬂ[38;2;167;162;150;48;2;90;87;82mﬂ[38;2;183;131;82;48;2;110;103;89mﬂ[38;2;185;132;86;48;2;119;98;76mﬂ[38;2;188;133;80;48;2;165;128;92mﬂ[38;2;203;148;90;48;2;184;135;89mﬂ[38;2;208;157;101;48;2;184;128;81mﬂ[38;2;216;162;102;48;2;181;120;62mﬂ[38;2;206;153;100;48;2;193;144;98mﬂ[38;2;187;134;86;48;2;111;90;75mﬂ[38;2;105;75;54;48;2;92;78;76mﬂ[38;2;101;83;64;48;2;95;81;75mﬂ[38;2;133;109;79;48;2;111;98;86mﬂ[38;2;148;123;91;48;2;125;109;88mﬂ[38;2;134;118;95;48;2;133;114;89mﬂ[38;2;157;136;104;48;2;174;147;105mﬂ[38;2;164;118;93;48;2;163;139;103mﬂ[38;2;163;93;81;48;2;171;139;102mﬂ[38;2;167;127;96;48;2;169;138;100mﬂ[38;2;142;121;91;48;2;143;124;100mﬂ[38;2;136;110;78;48;2;133;110;78mﬂ[38;2;91;75;58;48;2;82;68;54mﬂ[38;2;159;133;104;48;2;164;136;104mﬂ[38;2;166;145;109;48;2;169;148;110mﬂ[38;2;168;99;85;48;2;175;132;102mﬂ[38;2;168;96;85;48;2;166;89;81mﬂ[38;2;167;85;79;48;2;167;81;79mﬂ[38;2;173;130;100;48;2;176;140;107mﬂ[38;2;176;153;112;48;2;178;155;113mﬂ[38;2;178;149;117;48;2;180;149;118mﬂ[38;2;168;144;118;48;2;166;137;114mﬂ[38;2;120;97;70;48;2;112;90;65mﬂ[38;2;98;81;60;48;2;93;77;58mﬂ[38;2;142;143;139;48;2;133;134;130mﬂ[38;2;198;200;197;48;2;195;197;193mﬂ[38;2;199;202;199;48;2;198;200;195mﬂ[38;2;202;206;202;48;2;200;202;199mﬂ[38;2;202;207;203;48;2;201;205;202mﬂ[48;2;202;207;203mﬂ[38;2;203;208;204mﬂﬂ[48;2;203;208;204mﬂﬂ[48;2;202;207;203mﬂﬂ[38;2;200;205;201;48;2;201;206;202mﬂ[0m[K
[0m